9, 4, 1, 2, 4, 8, 3, 2, 3, 1, 9, 4, 10, 10, 14, 12, 11, 2, 7, 1, 11, 7, 9, 9, 1, 14, 5, 5, 3, 5; 0.8410000000000003; 601959; 12; [1, 108.55000000000001], [2, 127.43], [3, 89.47000000000001], [4, 127.86], [5, 108.01000000000002], [7, 111.63], [8, 89.59], [9, 126.21000000000001], [10, 118.81], [11, 127.30000000000001], [12, 96.55], [14, 80.55]
9, 6, 1, 8, 10, 4, 6, 2, 7, 5, 4, 10, 1, 12, 8, 6, 3, 5, 9, 2, 7, 1, 13, 12, 12, 8, 13, 1, 3, 5; 0.8410000000000002; 544124; 12; [1, 99.44], [2, 98.51], [3, 91.15], [4, 119.93], [5, 123.5], [6, 118.78999999999999], [7, 118.5], [8, 83.65], [9, 128.35], [10, 112.74], [12, 119.35000000000001], [13, 98.05000000000001]
14, 16, 11, 13, 13, 6, 16, 11, 1, 14, 5, 6, 1, 4, 16, 3, 7, 11, 16, 4, 7, 2, 5, 2, 3, 2, 5, 6, 6, 7; 0.9174545454545456; 881338; 11; [1, 123.03], [2, 123.18], [3, 108.83], [4, 114.5], [5, 128.39000000000001], [6, 126.36000000000001], [7, 129.48000000000002], [11, 125.10000000000001], [13, 98.33999999999999], [14, 111.19999999999999], [16, 123.55]
10, 1, 2, 13, 3, 5, 12, 13, 4, 13, 1, 4, 1, 2, 10, 11, 8, 9, 7, 2, 1, 8, 12, 4, 2, 9, 12, 12, 10, 2; 0.8410000000000002; 416063; 12; [1, 129.03], [2, 129.73000000000002], [3, 95.24], [4, 128.79000000000002], [5, 89.59], [7, 72.91], [8, 126.5], [9, 117.71000000000001], [10, 87.21000000000001], [11, 96.55], [12, 121.07000000000001], [13, 117.63]
3, 17, 27, 5, 8, 7, 24, 10, 9, 10, 6, 3, 6, 24, 8, 17, 27, 5, 4, 3, 4, 14, 9, 6, 3, 5, 14, 17, 10, 5; 0.8410000000000002; 1882405; 12; [3, 124.96000000000001], [4, 112.43], [5, 122.99000000000001], [6, 106.7], [7, 89.59], [8, 123.63999999999999], [9, 87.10000000000001], [10, 117.9], [14, 128.65], [17, 127.57000000000001], [24, 81.88000000000001], [27, 88.55]
1, 2, 7, 3, 19, 16, 3, 6, 2, 6, 7, 10, 3, 18, 3, 10, 9, 15, 7, 16, 15, 3, 9, 2, 13, 1, 13, 19, 1, 6; 0.8410000000000002; 1235240; 12; [1, 110.96000000000001], [2, 126.41000000000001], [3, 121.38999999999999], [6, 116.71000000000001], [7, 104.02], [9, 95.9], [10, 114.05], [13, 102.21000000000001], [15, 105.08000000000001], [16, 129.33], [18, 74.76], [19, 111.14]
6, 11, 2, 11, 5, 13, 12, 7, 11, 4, 9, 3, 8, 10, 12, 9, 12, 7, 6, 4, 2, 2, 4, 10, 2, 8, 3, 8, 8, 7; 0.8410000000000002; 475026; 12; [2, 91.29], [3, 107.43], [4, 103.62], [5, 95.24], [6, 128.35], [7, 126.51000000000002], [8, 115.47], [9, 126.89], [10, 107.07000000000001], [11, 97.2], [12, 123.3], [13, 89.59]
1, 5, 3, 2, 18, 4, 9, 19, 9, 2, 19, 2, 12, 17, 10, 3, 10, 11, 1, 4, 11, 2, 5, 19, 3, 12, 5, 5, 2, 10; 0.8410000000000002; 1169697; 12; [1, 128.35], [2, 118.45], [3, 109.6], [4, 129.33], [5, 129.07], [9, 86.10000000000001], [10, 118.36000000000001], [11, 105.08000000000001], [12, 96.19999999999999], [17, 74.76], [18, 95.24], [19, 121.42]
4, 2, 2, 8, 9, 4, 8, 4, 6, 4, 5, 8, 7, 4, 2, 5, 4, 10, 3, 4, 7, 1, 2, 4, 6, 8, 4, 7, 4, 10; -1; 2000176; 10; [1, 38.72], [2, 52.41], [3, 72.91], [4, 587.45], [5, 126.89], [6, 91.26], [7, 99.47], [8, 79.87], [9, 95.24], [10, 67.74000000000001]
10, 10, 9, 10, 2, 11, 8, 1, 8, 9, 2, 1, 1, 3, 12, 7, 13, 9, 6, 3, 13, 4, 12, 4, 11, 10, 12, 6, 7, 1; 0.8410000000000002; 537977; 12; [1, 122.50000000000001], [2, 125.58], [3, 114.5], [4, 71.03], [6, 88.81], [7, 99.92], [8, 86.10000000000001], [9, 122.09], [10, 125.81], [11, 101.87], [12, 126.45], [13, 127.30000000000001]
13, 7, 10, 10, 5, 17, 4, 9, 16, 13, 15, 4, 9, 8, 5, 4, 10, 3, 6, 3, 17, 7, 13, 6, 10, 7, 15, 8, 7, 8; 0.8410000000000002; 911330; 12; [3, 105.30000000000001], [4, 121.17], [5, 123.63999999999999], [6, 105.22], [7, 109.36], [8, 92.84000000000002], [9, 102.82], [10, 103.93], [13, 119.32], [15, 120.27000000000001], [16, 78.98], [17, 129.11]
6, 9, 3, 12, 3, 15, 1, 10, 11, 10, 3, 2, 6, 12, 7, 8, 7, 1, 9, 11, 12, 15, 12, 9, 10, 1, 2, 8, 8, 1; 0.9174545454545456; 744647; 11; [1, 127.01000000000002], [2, 107.43], [3, 126.35], [6, 99.49], [7, 116.18], [8, 115.82000000000001], [9, 120.34], [10, 126.81], [11, 118.72], [12, 125.5], [15, 128.31]
9, 7, 8, 5, 5, 7, 8, 10, 7, 7, 7, 5, 7, 8, 1, 1, 7, 6, 2, 3, 3, 3, 3, 7, 7, 9, 7, 8, 2, 8; -1; 2000573; 9; [1, 124.94999999999999], [2, 76.28], [3, 126.10000000000001], [5, 115.83999999999999], [6, 65.56], [7, 536.14], [8, 100.73000000000002], [9, 107.59], [10, 58.77]
5, 1, 6, 5, 9, 4, 3, 10, 14, 5, 10, 1, 3, 2, 8, 11, 8, 3, 6, 6, 10, 2, 4, 12, 2, 1, 12, 9, 2, 1; 0.8410000000000002; 557422; 12; [1, 86.95], [2, 129.13], [3, 116.72999999999999], [4, 97.71000000000001], [5, 114.3], [6, 113.41999999999999], [8, 116.18], [9, 111.14], [10, 128.63], [11, 96.55], [12, 122.24000000000001], [14, 78.98]
6, 5, 10, 1, 5, 1, 1, 10, 9, 13, 6, 1, 8, 7, 12, 12, 4, 10, 8, 7, 4, 9, 9, 6, 1, 13, 2, 5, 2, 5; 0.9174545454545456; 628479; 11; [1, 129.59], [2, 93.30000000000001], [4, 127.30000000000001], [5, 128.44], [6, 118.09], [7, 114.5], [8, 116.96], [9, 125.82000000000001], [10, 125.10000000000001], [12, 124.94999999999999], [13, 107.91]
7, 1, 1, 8, 1, 4, 8, 9, 5, 7, 11, 9, 2, 18, 14, 8, 14, 6, 2, 18, 5, 9, 7, 4, 6, 11, 10, 10, 4, 8; 0.8410000000000002; 1074290; 12; [1, 111.13], [2, 116.96], [4, 125.27000000000001], [5, 118.5], [6, 77.84], [7, 119.32], [8, 108.95], [9, 114.99000000000001], [10, 105.83000000000001], [11, 82.49], [14, 116.18], [18, 114.5]
6, 9, 4, 2, 3, 18, 5, 2, 16, 6, 10, 9, 10, 1, 8, 5, 7, 8, 4, 1, 4, 7, 4, 16, 1, 10, 9, 2, 7, 3; 0.8410000000000002; 1233361; 12; [1, 126.78], [2, 77.77000000000001], [3, 97.42], [4, 121.32], [5, 103.67], [6, 111.19999999999999], [7, 129.87], [8, 93.96000000000001], [9, 122.55000000000001], [10, 126.53999999999999], [16, 111.29], [18, 89.59]
10, 8, 1, 3, 15, 6, 11, 11, 3, 1, 5, 7, 1, 2, 4, 7, 8, 10, 9, 6, 4, 9, 7, 2, 3, 4, 5, 2, 1, 7; 0.8410000000000002; 911758; 12; [1, 103.95], [2, 122.97000000000001], [3, 94.36], [4, 120.07], [5, 120.27000000000001], [6, 129.33], [7, 124.35000000000001], [8, 102.9], [9, 111.63], [10, 121], [11, 65.89], [15, 95.24]
3, 3, 14, 2, 10, 4, 14, 14, 6, 1, 13, 6, 14, 8, 9, 13, 9, 2, 11, 8, 2, 7, 1, 4, 1, 3, 7, 14, 11, 1; 0.8410000000000003; 606162; 12; [1, 78.34], [2, 108.18], [3, 122.71000000000001], [4, 121.9], [6, 96.48], [7, 128.65], [8, 114.5], [9, 116.18], [10, 95.24], [11, 76.28], [13, 126.89], [14, 126.61]
8, 3, 7, 10, 6, 14, 10, 4, 3, 7, 9, 14, 9, 10, 8, 13, 2, 12, 7, 8, 12, 10, 13, 6, 11, 4, 11, 9, 2, 9; 0.8410000000000002; 689542; 12; [2, 91.15], [3, 94.10000000000001], [4, 110.92], [6, 127.55], [7, 129.44], [8, 123.58000000000001], [9, 92.47000000000001], [10, 123.7], [11, 102.21000000000001], [12, 105.08000000000001], [13, 104.67], [14, 107.09]
1, 10, 6, 3, 10, 12, 9, 4, 5, 6, 9, 4, 4, 7, 3, 3, 9, 1, 8, 12, 5, 2, 5, 6, 6, 7, 2, 8, 10, 7; 0.9174545454545456; 436610; 11; [1, 121], [2, 128.65], [3, 128.05], [4, 120.32000000000001], [5, 126.62], [6, 101.12], [7, 129.09], [8, 88.81], [9, 125.24000000000001], [10, 113.73], [12, 129.33]
13, 2, 3, 8, 2, 7, 8, 5, 6, 1, 12, 2, 8, 8, 10, 3, 12, 9, 10, 5, 13, 16, 9, 6, 13, 1, 16, 7, 9, 5; 0.8410000000000003; 833796; 12; [1, 107.91], [2, 127.86], [3, 97.32], [5, 100.69000000000001], [6, 111.29], [7, 105.49000000000001], [8, 129.03], [9, 77.05000000000001], [10, 101.31], [12, 118.12], [13, 107.24000000000001], [16, 128.65]
3, 9, 8, 7, 6, 1, 1, 11, 10, 9, 13, 16, 10, 13, 12, 16, 4, 7, 8, 7, 11, 9, 4, 8, 11, 3, 12, 3, 3, 10; 0.8410000000000003; 805172; 12; [1, 96.71000000000001], [3, 126.86000000000001], [4, 95.9], [6, 95.24], [7, 108.4], [8, 105.99], [9, 109.6], [10, 125.21000000000001], [11, 110.57000000000001], [12, 118.33000000000001], [13, 105.10000000000001], [16, 114.05]
5, 19, 4, 7, 4, 10, 3, 22, 18, 22, 7, 2, 3, 3, 10, 19, 9, 5, 1, 9, 1, 18, 18, 4, 2, 2, 7, 2, 10, 9; 0.9174545454545455; 1663595; 11; [1, 112.43], [2, 97.83000000000001], [3, 125.93], [4, 128.32], [5, 121], [7, 123.37], [9, 129.70000000000002], [10, 121.36000000000001], [18, 125.82000000000001], [19, 111.67], [22, 114.53]
2, 4, 2, 8, 4, 7, 9, 6, 9, 9, 7, 8, 9, 8, 9, 9, 9, 9, 2, 3, 1, 10, 9, 3, 10, 9, 1, 8, 5, 10; -1; 2010608; 10; [1, 129.45000000000002], [2, 129.12], [3, 72.05000000000001], [4, 110.36], [5, 3.37], [6, 58.77], [7, 119.93], [8, 111.26000000000002], [9, 524.47], [10, 53.18]
1, 4, 10, 15, 10, 5, 8, 9, 2, 12, 9, 6, 2, 8, 8, 4, 3, 6, 7, 6, 3, 12, 7, 7, 12, 1, 15, 8, 7, 8; 0.8410000000000002; 631927; 12; [1, 107.59], [2, 123.03], [3, 127.30000000000001], [4, 111.67], [5, 89.59], [6, 122.80000000000001], [7, 116.71000000000001], [8, 128.36], [9, 89.11], [10, 96.00999999999999], [12, 106.75999999999999], [15, 93.03]
3, 1, 7, 3, 2, 7, 16, 8, 22, 3, 22, 8, 5, 11, 7, 16, 4, 13, 1, 4, 13, 1, 16, 11, 11, 5, 10, 2, 10, 7; 0.8410000000000002; 1834867; 12; [1, 126.75], [2, 111.14], [3, 114.3], [4, 127.52000000000001], [5, 96.19999999999999], [7, 120.94], [8, 76.27000000000001], [10, 93.30000000000001], [11, 119.35000000000001], [13, 105.08000000000001], [16, 111.79], [22, 109.32000000000001]
4, 1, 7, 14, 15, 9, 7, 17, 16, 7, 2, 5, 16, 20, 4, 1, 2, 14, 8, 17, 8, 4, 2, 15, 20, 7, 5, 9, 4, 4; 0.8410000000000002; 1201307; 12; [1, 111.67], [2, 126.24000000000001], [4, 128.11], [5, 107.43], [7, 115.8], [8, 112.43], [9, 105.49000000000001], [14, 68.66], [15, 127.55], [16, 123.03], [17, 98.51], [20, 87.04]
6, 7, 8, 4, 6, 6, 1, 6, 3, 8, 1, 1, 4, 6, 6, 2, 6, 4, 9, 6, 7, 10, 9, 9, 8, 7, 6, 8, 8, 8; -1; 2000189; 9; [1, 54.96], [2, 96.55], [3, 78.98], [4, 112.71000000000001], [6, 619.6500000000001], [7, 106.78999999999999], [8, 90.26000000000002], [9, 113.34], [10, 38.72]
2, 9, 10, 5, 2, 2, 8, 3, 10, 2, 2, 9, 5, 5, 9, 2, 2, 4, 2, 3, 8, 9, 9, 6, 10, 7, 2, 6, 9, 9; -1; 2000199; 9; [2, 673.54], [3, 98.51], [4, 65.56], [5, 121.91], [6, 48.21], [7, 52.15], [8, 46.64], [9, 113.41000000000001], [10, 92.03]
9, 8, 11, 6, 1, 21, 7, 7, 2, 5, 2, 22, 7, 3, 5, 11, 6, 8, 22, 5, 22, 8, 4, 3, 11, 9, 4, 2, 8, 2; 0.8410000000000002; 1472236; 12; [1, 95.24], [2, 127.40000000000002], [3, 107.07000000000001], [4, 98.05000000000001], [5, 123.9], [6, 90.88], [7, 109.94], [8, 122.77000000000001], [9, 107.59], [11, 109.6], [21, 89.59], [22, 129.93]
6, 2, 19, 10, 13, 18, 17, 6, 5, 10, 4, 17, 5, 17, 8, 19, 4, 2, 1, 18, 10, 2, 13, 1, 10, 21, 8, 19, 10, 6; 0.8410000000000002; 1781624; 12; [1, 105.22], [2, 119.4], [4, 118.12], [5, 123.03], [6, 116.39000000000001], [8, 118.33000000000001], [10, 114.03], [13, 103.36], [17, 99.38000000000001], [18, 129.33], [19, 113.22], [21, 52.15]
1, 9, 2, 9, 5, 5, 7, 10, 5, 2, 5, 3, 2, 5, 5, 5, 3, 9, 4, 8, 10, 5, 8, 8, 10, 1, 5, 10, 8, 7; -1; 2002558; 9; [1, 107.59], [2, 100.58], [3, 105.28], [4, 72.91], [5, 622.51], [7, 9.3], [8, 83.54], [9, 83.78], [10, 126.47000000000001]
11, 10, 9, 12, 14, 2, 10, 10, 7, 3, 6, 5, 3, 1, 2, 5, 12, 11, 8, 7, 8, 1, 8, 6, 10, 6, 9, 5, 6, 10; 0.8410000000000002; 578346; 12; [1, 113.48], [2, 117.99000000000001], [3, 99.81], [5, 129.95], [6, 118.17000000000002], [7, 118.72], [8, 120.55000000000001], [9, 90.7], [10, 95.47000000000001], [11, 121], [12, 90.88], [14, 95.24]
14, 8, 17, 6, 12, 5, 4, 3, 6, 1, 3, 9, 4, 7, 7, 9, 17, 14, 4, 8, 6, 8, 2, 5, 12, 1, 2, 17, 1, 5; 0.8410000000000002; 901068; 12; [1, 111.28], [2, 98.05000000000001], [3, 89.11], [4, 124.07999999999998], [5, 124.08000000000001], [6, 121.6], [7, 103.16], [8, 93.58], [9, 114.05], [12, 107.52], [14, 121], [17, 104.45]
4, 9, 9, 1, 11, 2, 11, 1, 13, 1, 5, 8, 13, 3, 7, 8, 10, 7, 9, 9, 4, 10, 7, 4, 2, 3, 5, 11, 10, 2; 0.9174545454545456; 664415; 11; [1, 117.63], [2, 104.05000000000001], [3, 126.91], [4, 127.27000000000001], [5, 120.27000000000001], [7, 102.08000000000001], [8, 114.05], [9, 128.54], [10, 129.87], [11, 118.26], [13, 123.03]
10, 8, 6, 10, 8, 2, 10, 6, 13, 9, 2, 11, 1, 1, 25, 17, 11, 3, 22, 3, 10, 22, 1, 13, 6, 6, 25, 8, 22, 2; 0.8410000000000002; 1853725; 12; [1, 126.93], [2, 122.11000000000001], [3, 105.30000000000001], [6, 123.97], [8, 126.26], [9, 55.76], [10, 105.18], [11, 105.28], [13, 111.29], [17, 96.55], [22, 115], [25, 118.33000000000001]
3, 7, 8, 3, 10, 8, 6, 8, 8, 8, 4, 6, 9, 8, 8, 8, 8, 3, 7, 7, 4, 4, 2, 2, 4, 5, 6, 8, 9, 7; -1; 2000082; 9; [2, 40.43], [3, 124.1], [4, 120.86], [5, 52.15], [6, 114.55000000000001], [7, 129.95000000000002], [8, 587.26], [9, 47.419999999999995], [10, 95.24]
7, 5, 8, 2, 4, 3, 4, 8, 10, 9, 8, 1, 1, 2, 8, 5, 15, 1, 6, 12, 2, 7, 5, 6, 6, 9, 12, 15, 6, 5; 0.8410000000000002; 627950; 12; [1, 127.11], [2, 117.38], [3, 89.59], [4, 102.36], [5, 121.97000000000001], [6, 120.87], [7, 94.16], [8, 118.28], [9, 107.91], [10, 78.98], [12, 129.67000000000002], [15, 103.68]
10, 1, 8, 4, 1, 12, 2, 6, 7, 8, 5, 3, 4, 4, 6, 3, 11, 8, 9, 5, 5, 7, 11, 6, 9, 10, 2, 11, 11, 6; 0.8410000000000002; 444871; 12; [1, 110.36], [2, 97.05000000000001], [3, 114.05], [4, 121.91], [5, 109.6], [6, 121.66000000000001], [7, 117.7], [8, 122.09], [9, 85.19], [10, 107.59], [11, 115.17000000000002], [12, 89.59]
8, 2, 12, 3, 3, 5, 9, 10, 1, 8, 7, 10, 2, 7, 6, 12, 11, 9, 4, 10, 4, 9, 3, 11, 2, 2, 6, 4, 9, 3; 0.8410000000000003; 393075; 12; [1, 78.98], [2, 123.6], [3, 108.64], [4, 128.33], [5, 89.59], [6, 118.33000000000001], [7, 105.10000000000001], [8, 111.19999999999999], [9, 114.77000000000001], [10, 116.01000000000002], [11, 120.09], [12, 97.32]
6, 13, 1, 1, 1, 18, 6, 9, 14, 7, 10, 7, 11, 10, 14, 12, 13, 6, 11, 7, 8, 9, 9, 2, 10, 8, 2, 7, 12, 10; 0.8410000000000002; 992138; 12; [1, 99.11], [2, 122.24000000000001], [6, 128.12], [7, 128.9], [8, 91.67], [9, 105.61000000000001], [10, 119.56000000000002], [11, 116.96], [12, 99.92], [13, 102.9], [14, 107.38], [18, 89.59]
9, 10, 1, 10, 10, 8, 12, 2, 3, 11, 1, 5, 3, 6, 8, 12, 14, 5, 11, 5, 2, 6, 14, 7, 10, 1, 7, 12, 5, 7; 0.8410000000000002; 615235; 12; [1, 83.25999999999999], [2, 98.29], [3, 123.03], [5, 126.17000000000002], [6, 113.48], [7, 124.42000000000002], [8, 117.99000000000001], [9, 55.44], [10, 125.74], [11, 128.67], [12, 119.57000000000001], [14, 95.9]
10, 9, 14, 6, 14, 8, 9, 7, 6, 2, 2, 9, 3, 15, 8, 13, 4, 7, 9, 12, 15, 3, 6, 4, 13, 10, 12, 2, 10, 2; 0.8410000000000001; 728787; 12; [2, 104.18], [3, 82.77], [4, 120.09], [6, 90.2], [7, 124.33000000000001], [8, 117.99000000000001], [9, 112.64999999999999], [10, 110.96000000000001], [12, 129.67000000000002], [13, 108.83], [14, 96.00999999999999], [15, 114.28]
7, 7, 8, 6, 16, 17, 8, 4, 3, 2, 6, 17, 4, 8, 5, 5, 15, 2, 6, 8, 9, 3, 10, 15, 4, 7, 10, 10, 7, 9; 0.8410000000000002; 892476; 12; [2, 121.32], [3, 117.7], [4, 115.1], [5, 124.94999999999999], [6, 106.35], [7, 126.08000000000001], [8, 122.39000000000001], [9, 41.7], [10, 113.95000000000002], [15, 120.09], [16, 95.24], [17, 107.09]
13, 9, 10, 10, 11, 5, 15, 9, 1, 9, 3, 1, 8, 7, 4, 15, 10, 2, 3, 7, 2, 8, 1, 10, 7, 13, 4, 5, 13, 7; 0.8410000000000003; 718759; 12; [1, 104.60000000000001], [2, 105.08000000000001], [3, 103.25], [4, 118.33000000000001], [5, 105.49000000000001], [7, 128.96], [8, 82.77], [9, 129.65], [10, 123.96000000000001], [11, 95.24], [13, 110.96000000000001], [15, 103.67]
1, 9, 11, 6, 13, 12, 13, 6, 8, 7, 11, 6, 8, 9, 6, 10, 5, 2, 3, 2, 1, 12, 6, 3, 5, 7, 11, 1, 11, 1; 0.8410000000000002; 466225; 12; [1, 113.04000000000002], [2, 105.30000000000001], [3, 105.22], [5, 100.06], [6, 115.89000000000001], [7, 107.91], [8, 123.03], [9, 89.88000000000001], [10, 96.55], [11, 124.41000000000001], [12, 128.31], [13, 102.36]
5, 18, 13, 22, 22, 3, 16, 16, 6, 10, 3, 18, 6, 12, 2, 13, 9, 5, 2, 1, 16, 18, 16, 9, 18, 10, 1, 18, 6, 6; 0.8410000000000002; 1743653; 12; [1, 129.67000000000002], [2, 101.31], [3, 119.93], [5, 121], [6, 128.58], [9, 120.09], [10, 107.91], [12, 74.76], [13, 97.32], [16, 113.53], [18, 99.52000000000001], [22, 98.33999999999999]
12, 3, 8, 2, 2, 10, 11, 12, 9, 5, 2, 5, 7, 8, 6, 3, 11, 1, 7, 8, 1, 6, 9, 6, 12, 5, 14, 14, 8, 6; 0.8410000000000002; 546079; 12; [1, 105.08000000000001], [2, 128.67999999999998], [3, 111.67], [5, 125.41], [6, 101.61000000000001], [7, 116.96], [8, 118.64000000000001], [9, 87.10000000000001], [10, 89.59], [11, 94.9], [12, 126.49000000000001], [14, 105.83000000000001]
13, 8, 1, 7, 12, 7, 12, 5, 9, 1, 8, 12, 6, 8, 5, 10, 4, 6, 2, 2, 4, 5, 3, 9, 6, 1, 3, 2, 1, 1; 0.8410000000000002; 436182; 12; [1, 114.23000000000002], [2, 128.55], [3, 98.05000000000001], [4, 127.30000000000001], [5, 125.89], [6, 121.89], [7, 92.69], [8, 120.22], [9, 111.29], [10, 96.55], [12, 119.86], [13, 55.44]
17, 10, 9, 4, 5, 7, 5, 4, 2, 4, 3, 2, 15, 6, 15, 10, 1, 9, 11, 15, 1, 11, 2, 6, 9, 17, 3, 15, 11, 2; 0.8410000000000002; 878450; 12; [1, 127.30000000000001], [2, 106.78000000000002], [3, 120.27000000000001], [4, 117.63], [5, 102.36], [6, 107.07000000000001], [7, 89.59], [9, 78.61], [10, 111.67], [11, 115], [15, 128.09], [17, 107.59]
6, 4, 15, 4, 14, 9, 9, 11, 15, 13, 14, 9, 5, 5, 15, 4, 2, 10, 6, 11, 13, 3, 10, 3, 13, 10, 7, 2, 13, 9; 0.8410000000000002; 715787; 12; [2, 103.68], [3, 71.03], [4, 114.77], [5, 118.81], [6, 128.35], [7, 89.93], [9, 116.39000000000001], [10, 125.83000000000001], [11, 98.51], [13, 110.93], [14, 125.58], [15, 108.15]
10, 4, 7, 9, 6, 7, 3, 5, 6, 6, 9, 7, 10, 6, 4, 6, 1, 6, 6, 8, 9, 8, 5, 3, 8, 3, 6, 6, 8, 4; -1; 2002069; 9; [1, 87.78], [3, 91.58], [4, 45.699999999999996], [5, 66.89], [6, 645.59], [7, 107.86], [8, 94.11000000000001], [9, 72.96000000000001], [10, 99.49]
7, 3, 11, 8, 9, 3, 10, 11, 12, 10, 5, 3, 11, 2, 8, 8, 4, 7, 5, 1, 12, 2, 2, 4, 5, 10, 1, 9, 9, 2; 0.9174545454545455; 531411; 11; [1, 129.67000000000002], [2, 123.78000000000002], [3, 122.21000000000001], [4, 120.09], [5, 115.53], [7, 121], [8, 128.05], [9, 114.51], [10, 115.03], [11, 103.59], [12, 118.5]
5, 8, 9, 1, 8, 8, 10, 8, 9, 8, 8, 6, 8, 8, 5, 3, 8, 4, 2, 1, 8, 6, 10, 4, 7, 2, 7, 5, 3, 3; -1; 2000120; 10; [1, 42.84], [2, 125.06], [3, 102.10000000000001], [4, 97.87], [5, 99.74000000000001], [6, 56.22], [7, 102.21000000000001], [8, 590.93], [9, 79.75], [10, 15.239999999999998]
9, 7, 5, 7, 16, 4, 5, 5, 15, 3, 7, 1, 15, 7, 5, 10, 8, 1, 3, 9, 6, 1, 9, 8, 5, 6, 12, 10, 12, 4; 0.8410000000000002; 1185705; 12; [1, 121.78], [3, 128.67], [4, 91.77000000000001], [5, 107.34], [6, 91.67], [7, 123.32000000000001], [8, 120.09], [9, 103.30000000000001], [10, 112.45], [12, 93.30000000000001], [15, 123.03], [16, 95.24]
3, 6, 3, 2, 13, 11, 9, 10, 4, 12, 3, 11, 7, 1, 4, 6, 9, 10, 12, 1, 8, 3, 13, 2, 1, 8, 2, 7, 2, 4; 0.8410000000000002; 663882; 12; [1, 126.78], [2, 128.71], [3, 125.27], [4, 109.56], [6, 111.67], [7, 59.949999999999996], [8, 91.67], [9, 94.9], [10, 124.33000000000001], [11, 107.09], [12, 128.67], [13, 103.36]
14, 2, 7, 7, 19, 9, 19, 18, 6, 14, 9, 13, 10, 10, 2, 16, 3, 2, 13, 18, 6, 13, 19, 3, 14, 4, 7, 18, 10, 2; 0.8410000000000002; 1158333; 12; [2, 111.26], [3, 120.09], [4, 52.15], [6, 118.5], [7, 93.80000000000001], [9, 119.93], [10, 122.18], [13, 129.13], [14, 123.47999999999999], [16, 96.55], [18, 114.41000000000001], [19, 110.48]
8, 5, 7, 10, 7, 14, 4, 4, 13, 3, 11, 2, 4, 5, 10, 2, 6, 8, 11, 3, 14, 13, 13, 1, 11, 10, 1, 6, 4, 5; 0.8410000000000002; 673895; 12; [1, 122.24000000000001], [2, 114.05], [3, 95.5], [4, 113.31], [5, 92.06000000000002], [6, 103.68], [7, 96.00999999999999], [8, 121], [10, 83.65], [11, 115.53], [13, 125.82000000000001], [14, 129.11]
8, 10, 7, 3, 2, 12, 8, 3, 10, 1, 12, 8, 4, 7, 7, 14, 13, 6, 4, 8, 13, 1, 12, 10, 9, 3, 9, 7, 7, 10; 0.8410000000000002; 572507; 12; [1, 94.47999999999999], [2, 95.24], [3, 114.02000000000001], [4, 116.96], [6, 65.56], [7, 123.20000000000002], [8, 119.80000000000001], [9, 102.21000000000001], [10, 128.59], [12, 128.05], [13, 127.30000000000001], [14, 96.55]
9, 5, 3, 8, 9, 9, 5, 4, 8, 7, 3, 2, 9, 10, 5, 9, 6, 9, 7, 3, 8, 6, 3, 9, 1, 2, 9, 10, 4, 5; -1; 2000018; 10; [1, 12.28], [2, 69.65], [3, 78.97], [4, 62.14], [5, 52.82], [6, 126.5], [7, 128.67], [8, 121.6], [9, 568.6700000000001], [10, 90.66000000000001]
13, 16, 1, 5, 16, 4, 2, 1, 12, 6, 8, 10, 1, 5, 6, 2, 7, 14, 10, 7, 5, 6, 1, 4, 5, 14, 8, 2, 4, 1; 0.8410000000000002; 792540; 12; [1, 113.89000000000001], [2, 119.57000000000001], [4, 125.27000000000001], [5, 129.66], [6, 122.88], [7, 127.52000000000001], [8, 120.27000000000001], [10, 90.41], [12, 78.98], [13, 55.44], [14, 117.71000000000001], [16, 110.36]
1, 9, 1, 9, 15, 12, 4, 9, 4, 3, 12, 15, 3, 5, 16, 6, 11, 1, 2, 7, 7, 7, 7, 4, 9, 2, 16, 6, 9, 2; 0.8410000000000002; 913977; 12; [1, 121.77000000000001], [2, 127.24000000000001], [3, 99.81], [4, 118.41000000000001], [5, 74.76], [6, 112.45], [7, 126.10000000000001], [9, 92.64000000000001], [11, 87.78], [12, 119.93], [15, 112.74], [16, 118.33000000000001]
15, 14, 15, 1, 8, 5, 6, 9, 2, 13, 3, 8, 3, 1, 3, 14, 7, 13, 15, 7, 2, 1, 13, 5, 14, 9, 6, 9, 5, 3; 0.9174545454545455; 724412; 11; [1, 116.58], [2, 118.5], [3, 104.97], [5, 125.27000000000001], [6, 97.05000000000001], [7, 127.52000000000001], [8, 112.74], [9, 126.82000000000001], [13, 129.44], [14, 123.95], [15, 129.12]
9, 14, 13, 1, 11, 4, 15, 13, 2, 9, 10, 11, 10, 3, 6, 15, 1, 6, 7, 2, 7, 13, 15, 4, 7, 10, 14, 13, 4, 6; 0.8410000000000002; 922359; 12; [1, 90.88], [2, 118.72], [3, 74.76], [4, 125.27000000000001], [6, 96.14000000000001], [7, 124.71000000000001], [9, 111.19999999999999], [10, 126.53999999999999], [11, 112.74], [13, 114.16000000000001], [14, 105.05000000000001], [15, 111.79]
8, 25, 1, 1, 17, 13, 2, 4, 12, 1, 11, 2, 24, 22, 17, 10, 25, 24, 11, 13, 4, 8, 24, 2, 10, 22, 6, 6, 8, 1; 0.7763076923076925; 1787192; 13; [1, 61.809999999999995], [2, 56.93000000000001], [4, 98.29], [6, 105.83000000000001], [8, 97.53], [10, 108.83], [11, 103.25], [12, 78.98], [13, 129.33], [17, 123.63999999999999], [22, 126.91], [24, 117.73], [25, 102.9]
19, 3, 18, 8, 3, 12, 6, 18, 9, 6, 1, 15, 8, 17, 19, 10, 2, 18, 8, 9, 19, 17, 8, 6, 2, 1, 15, 6, 10, 9; 0.8410000000000002; 1113454; 12; [1, 82.49], [2, 100.06], [3, 110.36], [6, 111.09], [8, 128.18], [9, 120.9], [10, 99.92], [12, 89.59], [15, 107.43], [17, 113.48], [18, 125.10000000000001], [19, 123.36000000000001]
2, 10, 1, 4, 10, 4, 10, 2, 13, 12, 1, 3, 3, 11, 11, 5, 8, 3, 1, 6, 8, 13, 2, 4, 5, 12, 6, 1, 2, 2; 0.9174545454545455; 599930; 11; [1, 119.92], [2, 127.88000000000002], [3, 127.11], [4, 125], [5, 108.83], [6, 129.67000000000002], [8, 127.30000000000001], [10, 117.48], [11, 103.16], [12, 107.91], [13, 117.7]
2, 5, 6, 1, 8, 4, 6, 10, 14, 3, 6, 19, 7, 6, 3, 5, 15, 1, 7, 15, 1, 2, 19, 3, 3, 10, 19, 5, 7, 8; 0.8410000000000002; 1059482; 12; [1, 108.18], [2, 94.16], [3, 128.75], [4, 89.59], [5, 127.57000000000001], [6, 112.99000000000001], [7, 120.33], [8, 97.42], [10, 110.92], [14, 78.98], [15, 127.52000000000001], [19, 115.55000000000001]
2, 8, 5, 1, 12, 4, 3, 5, 15, 1, 8, 2, 15, 10, 7, 16, 7, 1, 3, 3, 2, 5, 5, 9, 8, 8, 9, 2, 16, 3; 0.8410000000000002; 1233892; 12; [1, 124.42], [2, 128.36], [3, 121.95000000000002], [4, 89.59], [5, 106.38000000000001], [7, 116.18], [8, 109.89], [9, 122.24000000000001], [10, 74.76], [12, 95.24], [15, 123.03], [16, 99.92]
14, 16, 10, 10, 4, 5, 9, 2, 7, 16, 5, 2, 14, 9, 4, 10, 8, 6, 3, 8, 2, 16, 5, 7, 1, 6, 1, 1, 1, 3; 0.8410000000000002; 769776; 12; [1, 121.48000000000002], [2, 115.79000000000002], [3, 75.09], [4, 123.63999999999999], [5, 128.05], [6, 117.71000000000001], [7, 111.29], [8, 127.52000000000001], [9, 81.88000000000001], [10, 100.42], [14, 99.49], [16, 109.6]
10, 12, 19, 14, 4, 1, 10, 19, 6, 2, 19, 4, 13, 13, 19, 15, 20, 3, 12, 6, 20, 3, 14, 15, 14, 2, 14, 3, 6, 6; 0.8410000000000002; 1228381; 12; [1, 89.59], [2, 107.91], [3, 120.18], [4, 112.74], [6, 124.27000000000001], [10, 62.559999999999995], [12, 88.03], [13, 118.81], [14, 113.43], [15, 128.86], [19, 118.28], [20, 127.30000000000001]
10, 5, 5, 2, 2, 7, 1, 5, 4, 10, 3, 8, 10, 10, 10, 6, 10, 10, 10, 8, 10, 1, 10, 7, 9, 10, 9, 8, 4, 9; -1; 2000273; 10; [1, 45.839999999999996], [2, 98.33999999999999], [3, 30.34], [4, 82.35000000000001], [5, 74.66], [6, 96.55], [7, 121.9], [8, 73.14], [9, 104.39000000000001], [10, 584.4499999999999]
25, 25, 7, 3, 3, 12, 2, 25, 6, 8, 8, 9, 7, 21, 2, 1, 28, 7, 20, 8, 20, 12, 28, 21, 7, 9, 2, 20, 1, 3; 0.8410000000000002; 2170393; 12; [1, 99.92], [2, 125.45], [3, 100.52], [6, 78.98], [7, 122.66], [8, 125.84], [9, 69.65], [12, 128.31], [20, 128.33], [21, 107.07000000000001], [25, 129.33], [28, 95.9]
7, 12, 3, 4, 5, 10, 4, 8, 4, 7, 3, 3, 1, 3, 4, 12, 9, 6, 1, 8, 2, 6, 1, 9, 5, 11, 2, 8, 8, 9; 0.8410000000000002; 317538; 12; [1, 125.08], [2, 129.45000000000002], [3, 123.37], [4, 117.6], [5, 107.52], [6, 104.28], [7, 111.19999999999999], [8, 117.78000000000002], [9, 122.27000000000001], [10, 89.59], [11, 52.15], [12, 111.67]
10, 7, 6, 7, 4, 20, 14, 7, 14, 5, 4, 10, 7, 16, 8, 1, 9, 8, 24, 10, 5, 9, 10, 6, 5, 24, 6, 1, 9, 8; 0.8410000000000002; 1504768; 12; [1, 112.45], [4, 125.58], [5, 107.56], [6, 123.01000000000002], [7, 121.04], [8, 96.14000000000001], [9, 129.87], [10, 120.80000000000001], [14, 86.10000000000001], [16, 74.76], [20, 89.59], [24, 125.06]
3, 4, 2, 1, 2, 10, 9, 13, 6, 3, 9, 13, 4, 9, 4, 15, 8, 7, 1, 13, 6, 1, 5, 4, 2, 7, 5, 10, 8, 1; 0.8410000000000003; 792011; 12; [1, 116.91], [2, 108.28999999999999], [3, 111.19999999999999], [4, 119.88], [5, 98.05000000000001], [6, 118.5], [7, 117.71000000000001], [8, 91.15], [9, 112.22], [10, 105.49000000000001], [13, 116.01000000000002], [15, 96.55]
4, 6, 1, 1, 1, 9, 3, 3, 6, 2, 1, 3, 2, 5, 6, 14, 10, 4, 12, 10, 5, 3, 9, 14, 11, 12, 11, 2, 4, 3; 0.9174545454545455; 686306; 11; [1, 129.45], [2, 115.71000000000001], [3, 124.29], [4, 124.37], [5, 114.28], [6, 122.5], [9, 97.71000000000001], [10, 127.52000000000001], [11, 102.21000000000001], [12, 125.06], [14, 128.86]
14, 6, 10, 13, 12, 1, 13, 13, 2, 6, 4, 4, 2, 4, 10, 16, 7, 14, 10, 9, 1, 6, 10, 7, 6, 13, 9, 16, 6, 4; 0.9174545454545455; 996307; 11; [1, 129.11], [2, 123.03], [4, 124.78000000000002], [6, 125.25], [7, 120.09], [9, 129.67000000000002], [10, 110.2], [12, 95.24], [13, 121.14000000000001], [14, 121], [16, 112.45]
5, 17, 9, 7, 7, 10, 5, 1, 3, 6, 1, 13, 5, 4, 6, 17, 2, 18, 9, 2, 4, 18, 1, 1, 3, 9, 13, 13, 9, 2; 0.8410000000000001; 1076556; 12; [1, 129.54000000000002], [2, 129.70000000000002], [3, 91.26], [4, 114.28], [5, 106.60999999999999], [6, 84.16], [7, 98.33999999999999], [9, 129.2], [10, 89.59], [13, 123.33000000000001], [17, 111.67], [18, 104.28]
7, 10, 2, 11, 6, 9, 8, 10, 5, 2, 5, 7, 7, 4, 8, 11, 3, 1, 2, 1, 9, 3, 1, 4, 1, 10, 8, 6, 5, 1; 0.9174545454545455; 374362; 11; [1, 127.88000000000002], [2, 129.44], [3, 126.5], [4, 107.07000000000001], [5, 112.69000000000001], [6, 111.14], [7, 116.99], [8, 125.45], [9, 129.11], [10, 126.03999999999999], [11, 99.64999999999999]
23, 24, 17, 12, 22, 1, 17, 8, 17, 4, 1, 12, 3, 24, 22, 13, 5, 23, 2, 7, 2, 3, 24, 8, 3, 7, 12, 3, 3, 2; 0.7763076923076925; 1633294; 13; [1, 119.93], [2, 114.61000000000001], [3, 114.32000000000001], [4, 55.76], [5, 87.78], [7, 91.89], [8, 91.08000000000001], [12, 110.53], [13, 96.55], [17, 86.87], [22, 123.63999999999999], [23, 121], [24, 98.00000000000001]
14, 8, 4, 7, 18, 7, 8, 6, 5, 4, 5, 18, 12, 8, 6, 1, 16, 14, 4, 10, 6, 22, 18, 1, 10, 12, 22, 10, 5, 7; 0.8410000000000002; 1313388; 12; [1, 128.86], [4, 129.44], [5, 112.69000000000001], [6, 126.69], [7, 94.87], [8, 97], [10, 67.92], [12, 96.19999999999999], [14, 121], [16, 87.78], [18, 120.86], [22, 128.65]
5, 1, 14, 15, 16, 10, 1, 2, 1, 8, 15, 5, 14, 7, 5, 15, 3, 2, 14, 6, 3, 10, 7, 4, 7, 6, 4, 7, 1, 2; 0.8410000000000002; 862715; 12; [1, 104.59], [2, 126.51000000000002], [3, 127.30000000000001], [4, 122.24000000000001], [5, 101.34], [6, 91.89], [7, 111.06000000000002], [8, 55.76], [10, 128.31], [14, 117.72999999999999], [15, 129.99], [16, 95.24]
2, 9, 4, 10, 3, 9, 6, 6, 6, 8, 6, 8, 2, 10, 8, 6, 5, 6, 6, 1, 6, 6, 7, 6, 3, 7, 4, 8, 7, 10; -1; 2000394; 10; [1, 39.74], [2, 99.49], [3, 107.52], [4, 90.7], [5, 87.78], [6, 520.78], [7, 63.63999999999999], [8, 117.56], [9, 104.71000000000001], [10, 80.04]
2, 20, 3, 4, 9, 19, 7, 3, 21, 4, 6, 22, 2, 6, 22, 8, 20, 3, 22, 7, 7, 23, 7, 21, 8, 4, 23, 19, 7, 3; 0.8410000000000002; 1689394; 12; [2, 99.49], [3, 127.28000000000002], [4, 111.00999999999999], [6, 105.10000000000001], [7, 97.87], [8, 108.83], [9, 95.24], [19, 105.49000000000001], [20, 102.9], [21, 111.29], [22, 118.81], [23, 128.65]
1, 1, 16, 8, 15, 8, 5, 1, 10, 9, 6, 15, 9, 16, 8, 3, 7, 6, 5, 5, 7, 10, 8, 2, 10, 16, 2, 9, 2, 9; 0.9174545454545455; 848272; 11; [1, 129.33], [2, 125.61000000000001], [3, 96.55], [5, 119.77000000000001], [6, 95.9], [7, 127.30000000000001], [8, 129.21], [9, 117.89000000000001], [10, 129.98], [15, 112.74], [16, 127.68]
9, 8, 10, 6, 14, 10, 1, 2, 5, 8, 7, 1, 5, 1, 14, 6, 7, 9, 4, 2, 10, 13, 2, 8, 6, 4, 13, 2, 9, 2; 0.9174545454545455; 672611; 11; [1, 99.38000000000001], [2, 124.71000000000002], [4, 125.06], [5, 123.03], [6, 111.92999999999999], [7, 118.12], [8, 103.19], [9, 124.37], [10, 129.88], [13, 128.65], [14, 123.63999999999999]
1, 2, 3, 2, 11, 10, 3, 2, 5, 3, 5, 8, 9, 8, 13, 12, 6, 9, 7, 7, 10, 1, 8, 1, 7, 3, 13, 6, 8, 1; 0.8410000000000002; 443536; 12; [1, 128.65], [2, 76.99000000000001], [3, 115.8], [5, 109.32000000000001], [6, 103.68], [7, 124.93], [8, 103.75000000000001], [9, 109.61], [10, 129.11], [11, 95.24], [12, 96.55], [13, 118.33000000000001]
2, 9, 9, 8, 4, 13, 10, 8, 7, 3, 3, 3, 9, 15, 10, 12, 1, 10, 6, 6, 5, 9, 9, 2, 2, 8, 5, 9, 6, 1; 0.7763076923076925; 611909; 13; [1, 89.96000000000001], [2, 100.03], [3, 103.6], [4, 95.24], [5, 129.45000000000002], [6, 116.02000000000001], [7, 78.98], [8, 114.02000000000001], [9, 122.68], [10, 101.08], [12, 96.55], [13, 89.59], [15, 74.76]
23, 3, 5, 8, 17, 1, 3, 23, 11, 12, 7, 6, 2, 4, 2, 3, 5, 8, 6, 4, 5, 8, 8, 11, 11, 12, 7, 2, 4, 7; 0.8410000000000002; 1447393; 12; [1, 89.59], [2, 88.35], [3, 118.78999999999999], [4, 117.87], [5, 128.07], [6, 90.41], [7, 122.45000000000002], [8, 115.5], [11, 123.57000000000001], [12, 107.91], [17, 95.24], [23, 114.21000000000001]
6, 8, 3, 3, 1, 1, 4, 1, 1, 1, 4, 3, 7, 7, 5, 1, 8, 4, 10, 10, 9, 9, 2, 2, 4, 6, 1, 1, 6, 4; -1; 2004584; 10; [1, 580.7199999999999], [2, 40.43], [3, 21.37], [4, 117.48000000000002], [5, 28.4], [6, 110.96000000000001], [7, 118.81], [8, 102.9], [9, 78.24000000000001], [10, 112.65]
1, 8, 10, 9, 8, 8, 5, 2, 8, 8, 6, 9, 8, 8, 9, 10, 6, 4, 7, 9, 8, 8, 6, 7, 10, 3, 5, 8, 3, 4; -1; 2000146; 10; [1, 55.44], [2, 58.77], [3, 55.519999999999996], [4, 67.74000000000001], [5, 97.05000000000001], [6, 126.24000000000001], [7, 105.22], [8, 547.64], [9, 88.74000000000001], [10, 109.6]
28, 3, 28, 24, 9, 11, 9, 8, 24, 2, 2, 11, 7, 3, 2, 16, 19, 28, 5, 7, 5, 24, 7, 7, 5, 8, 1, 1, 3, 7; 0.8410000000000002; 1941035; 12; [1, 105.83000000000001], [2, 114.5], [3, 93.25000000000001], [5, 124.71000000000001], [7, 126.4], [8, 110.92], [9, 102.36], [11, 107.09], [16, 96.55], [19, 87.78], [24, 120.8], [28, 121.77000000000001]
5, 2, 9, 6, 9, 4, 1, 5, 5, 7, 2, 2, 5, 1, 6, 5, 5, 6, 5, 3, 3, 3, 6, 8, 6, 7, 5, 4, 4, 4; -1; 2006421; 9; [1, 81.88000000000001], [2, 62.96], [3, 117.98], [4, 111.04000000000002], [5, 584.4100000000001], [6, 117.46000000000001], [7, 107.91], [8, 32.31], [9, 96.00999999999999]
16, 10, 6, 6, 8, 18, 8, 1, 5, 16, 2, 5, 10, 4, 3, 6, 9, 10, 2, 13, 3, 1, 1, 9, 5, 3, 13, 6, 9, 3; 0.8410000000000002; 1116148; 12; [1, 105.61000000000001], [2, 103.25], [3, 122.25], [4, 74.76], [5, 108.76], [6, 116.32000000000001], [8, 102.36], [9, 123.46000000000001], [10, 124.72999999999999], [13, 129.67000000000002], [16, 111.19999999999999], [18, 89.59]
1, 2, 4, 8, 12, 2, 7, 8, 10, 3, 7, 10, 4, 9, 11, 11, 5, 1, 7, 4, 5, 8, 1, 6, 2, 3, 6, 7, 10, 7; 0.8410000000000002; 305332; 12; [1, 129.12], [2, 116.99000000000001], [3, 107.91], [4, 84.56], [5, 127.30000000000001], [6, 122.24000000000001], [7, 128.45000000000002], [8, 100.59], [9, 74.76], [10, 99.85000000000001], [11, 124.94999999999999], [12, 95.24]
10, 6, 12, 7, 13, 5, 5, 10, 9, 2, 13, 5, 2, 6, 6, 15, 12, 7, 4, 9, 1, 16, 6, 7, 7, 1, 16, 7, 9, 5; 0.8410000000000002; 1290925; 12; [1, 91.67], [2, 99.81], [4, 72.91], [5, 116.39000000000001], [6, 126.4], [7, 129.15], [9, 122.09], [10, 114.21000000000001], [12, 88.55], [13, 125.58], [15, 96.55], [16, 128.65]
3, 2, 8, 10, 10, 2, 7, 3, 1, 2, 10, 7, 2, 7, 4, 2, 2, 2, 4, 2, 6, 2, 3, 5, 9, 9, 6, 8, 9, 8; -1; 2004281; 10; [1, 78.98], [2, 532.87], [3, 122.33000000000001], [4, 101.31], [5, 32.31], [6, 129.45000000000002], [7, 99.38000000000001], [8, 18.85], [9, 67.8], [10, 128.67999999999998]
3, 2, 5, 6, 7, 3, 9, 6, 3, 3, 3, 8, 3, 3, 8, 3, 5, 6, 1, 3, 5, 2, 2, 10, 3, 4, 10, 1, 10, 8; -1; 2001794; 10; [1, 88.81], [2, 61.959999999999994], [3, 577.4899999999999], [4, 52.15], [5, 128.07], [6, 127.43], [7, 95.24], [8, 48.08], [9, 7.12], [10, 125.61000000000001]
20, 8, 9, 17, 5, 6, 8, 20, 18, 17, 6, 4, 9, 3, 10, 10, 24, 2, 4, 2, 9, 4, 18, 24, 2, 8, 13, 5, 2, 10; 0.7763076923076925; 1797611; 13; [2, 120.95000000000002], [3, 74.76], [4, 129.13], [5, 111.14], [6, 119.93], [8, 74.39], [9, 84.34], [10, 127.13], [13, 89.93], [17, 58.86], [18, 87.10000000000001], [20, 114.21000000000001], [24, 120.09]
4, 5, 5, 6, 2, 2, 7, 2, 2, 2, 3, 3, 2, 9, 1, 2, 2, 2, 2, 5, 10, 8, 9, 5, 2, 10, 2, 5, 4, 6; -1; 2001792; 10; [1, 28.4], [2, 847.3999999999999], [3, 47.84], [4, 58.809999999999995], [5, 103.84], [6, 5.28], [7, 7.12], [8, 38.72], [9, 82.88000000000001], [10, 91.67]
15, 10, 5, 9, 12, 13, 12, 8, 2, 3, 3, 9, 10, 7, 6, 4, 5, 8, 15, 9, 9, 3, 9, 4, 7, 10, 6, 2, 9, 7; 0.8410000000000002; 639714; 12; [2, 94.88000000000001], [3, 124.82], [4, 128.86], [5, 88.55], [6, 118.33000000000001], [7, 89.22000000000001], [8, 124.33000000000001], [9, 111.35000000000002], [10, 111.32], [12, 102.36], [13, 89.59], [15, 128.35]
13, 2, 13, 8, 19, 3, 14, 2, 7, 4, 8, 14, 2, 16, 13, 12, 17, 8, 14, 3, 6, 4, 17, 19, 14, 16, 6, 17, 17, 8; 0.8410000000000001; 1201930; 12; [2, 117.94], [3, 129.33], [4, 94.47999999999999], [6, 129.45000000000002], [7, 78.98], [8, 101.18], [12, 96.55], [13, 84.61], [14, 109.81], [16, 126.91], [17, 115.17000000000002], [19, 127.55]
10, 13, 4, 6, 5, 12, 7, 3, 1, 3, 8, 1, 8, 2, 10, 13, 11, 4, 6, 6, 2, 4, 2, 1, 10, 8, 7, 10, 11, 7; 0.8410000000000002; 415672; 12; [1, 128.79000000000002], [2, 122.4], [3, 114.53], [4, 105.05], [5, 95.24], [6, 115.75], [7, 99.23000000000002], [8, 126.53999999999999], [10, 112.02000000000001], [11, 91.15], [12, 89.59], [13, 111.67]
6, 2, 11, 3, 19, 11, 2, 7, 14, 1, 6, 18, 14, 17, 19, 8, 18, 2, 9, 9, 1, 2, 6, 6, 8, 7, 3, 9, 11, 8; 0.8410000000000002; 1233988; 12; [1, 95.28], [2, 126.52], [3, 93.03], [6, 126.21000000000001], [7, 110.92], [8, 111.01], [9, 128.55], [11, 93.73], [14, 123.03], [17, 74.76], [18, 105.28], [19, 123.63999999999999]
7, 1, 5, 3, 13, 8, 10, 3, 11, 2, 12, 5, 7, 1, 4, 14, 12, 5, 10, 3, 5, 11, 2, 10, 1, 2, 4, 8, 14, 3; 0.8410000000000003; 516034; 12; [1, 102.16000000000001], [2, 116.03], [3, 103.79000000000002], [4, 118.33000000000001], [5, 123.35], [7, 99.49], [8, 105.49000000000001], [10, 112.34], [11, 117.7], [12, 118.12], [13, 95.24], [14, 99.92]
2, 15, 1, 2, 15, 8, 6, 6, 9, 7, 3, 15, 17, 4, 2, 3, 11, 1, 17, 14, 7, 9, 1, 8, 7, 6, 14, 11, 7, 7; 0.8410000000000002; 873102; 12; [1, 74.45], [2, 86.94], [3, 126.89], [4, 74.76], [6, 118.03999999999999], [7, 113.11000000000001], [8, 121.9], [9, 117.7], [11, 103.68], [14, 129.67000000000002], [15, 127.86], [17, 116.96]
12, 4, 1, 7, 9, 10, 5, 13, 7, 6, 10, 1, 6, 1, 1, 4, 11, 13, 8, 12, 2, 7, 4, 8, 9, 2, 5, 6, 9, 1; 0.8410000000000002; 454874; 12; [1, 123.61000000000001], [2, 91.67], [4, 119.79], [5, 97.05000000000001], [6, 115.71000000000001], [7, 120.8], [8, 105.22], [9, 110.89], [10, 119.93], [11, 87.78], [12, 95.18], [13, 124.33000000000001]
9, 7, 1, 10, 3, 3, 2, 3, 4, 2, 6, 1, 3, 3, 8, 3, 1, 6, 5, 4, 2, 9, 3, 3, 7, 3, 7, 10, 3, 3; -1; 2006444; 10; [1, 106.05], [2, 102.4], [3, 557.0899999999999], [4, 118.72], [5, 72.91], [6, 95.9], [7, 117.33000000000001], [8, 28.4], [9, 94.16], [10, 19]
4, 1, 1, 5, 2, 1, 5, 17, 5, 17, 9, 10, 15, 9, 10, 22, 20, 10, 7, 4, 7, 12, 5, 2, 4, 15, 12, 5, 10, 2; 0.8410000000000002; 1628213; 12; [1, 105.48], [2, 129.73], [4, 107.46000000000001], [5, 113.22000000000001], [7, 112.43], [9, 105.10000000000001], [10, 114.83000000000001], [12, 128.65], [15, 96.19999999999999], [17, 114.53], [20, 87.78], [22, 96.55]
8, 10, 3, 4, 13, 7, 3, 4, 2, 4, 2, 1, 5, 10, 14, 1, 14, 9, 5, 3, 10, 3, 2, 3, 9, 8, 15, 9, 2, 8; 0.8410000000000002; 618844; 12; [1, 114.05], [2, 120.81000000000002], [3, 118.66], [4, 117.63], [5, 116.96], [7, 89.59], [8, 109.77000000000001], [9, 93.74000000000001], [10, 129.4], [13, 95.24], [14, 116.18], [15, 89.93]
8, 8, 12, 12, 12, 3, 4, 8, 14, 2, 13, 12, 13, 7, 5, 5, 11, 10, 1, 7, 2, 14, 7, 4, 1, 10, 4, 13, 5, 1; 0.8410000000000003; 924455; 12; [1, 87.37], [2, 95.28], [3, 89.59], [4, 129.36], [5, 128.32], [7, 122.62], [8, 129.33], [10, 117.71000000000001], [11, 87.78], [12, 116.61], [13, 90.29], [14, 117.7]
7, 10, 8, 7, 10, 1, 8, 2, 3, 5, 5, 5, 8, 15, 19, 19, 4, 6, 8, 4, 1, 2, 3, 16, 15, 7, 16, 2, 6, 8; 0.8410000000000002; 1343026; 12; [1, 129.11], [2, 113.39000000000001], [3, 87.10000000000001], [4, 127.52000000000001], [5, 103.6], [6, 68.93], [7, 110.69], [8, 127.03], [10, 110.36], [15, 87.04], [16, 122.24000000000001], [19, 124.94999999999999]
9, 4, 5, 6, 7, 5, 10, 3, 1, 4, 10, 7, 10, 5, 5, 5, 5, 5, 5, 8, 1, 6, 7, 3, 2, 5, 5, 6, 8, 10; -1; 2003257; 10; [1, 118.5], [2, 12.28], [3, 91.08000000000001], [4, 70.88], [5, 658.4000000000001], [6, 57.72], [7, 120.86], [8, 43.11], [9, 55.44], [10, 83.69]
3, 8, 10, 10, 3, 3, 4, 10, 9, 3, 5, 7, 4, 1, 5, 3, 3, 6, 2, 6, 8, 3, 5, 1, 10, 3, 7, 7, 1, 7; -1; 2000086; 10; [1, 110.44000000000001], [2, 72.91], [3, 571.23], [4, 51.169999999999995], [5, 66.86], [6, 105.30000000000001], [7, 125.51000000000002], [8, 54.64], [9, 78.98], [10, 74.92]
13, 2, 5, 9, 14, 5, 14, 13, 9, 8, 4, 2, 10, 10, 8, 4, 2, 7, 12, 6, 7, 3, 8, 5, 13, 6, 3, 14, 5, 8; 0.8410000000000002; 524392; 12; [2, 120.4], [3, 128.65], [4, 126.89], [5, 126.04], [6, 91.89], [7, 105.08000000000001], [8, 94.46000000000001], [9, 82.08], [10, 118.81], [12, 72.91], [13, 126.49000000000001], [14, 118.26]
14, 5, 3, 6, 13, 4, 9, 11, 3, 7, 7, 7, 11, 5, 15, 15, 6, 14, 1, 4, 3, 6, 13, 5, 1, 10, 9, 13, 14, 10; 0.8410000000000003; 709019; 12; [1, 85.19], [3, 119.27000000000001], [4, 129.33], [5, 122.19000000000001], [6, 129.6], [7, 103.6], [9, 97.05000000000001], [10, 54.33], [11, 102.82], [13, 119.26], [14, 124.37], [15, 124.94999999999999]
2, 5, 7, 3, 6, 2, 8, 2, 2, 7, 9, 8, 5, 8, 7, 10, 2, 2, 1, 4, 2, 4, 8, 2, 6, 9, 2, 9, 8, 8; -1; 2001811; 10; [1, 72.91], [2, 597.8800000000001], [3, 3.1], [4, 78.46000000000001], [5, 59.169999999999995], [6, 107.52], [7, 84.93], [8, 113.05000000000003], [9, 98.39], [10, 96.55]
1, 11, 1, 10, 11, 16, 9, 10, 8, 14, 10, 11, 1, 7, 8, 12, 2, 6, 9, 7, 6, 15, 1, 10, 14, 14, 15, 8, 10, 9; 0.8410000000000003; 741434; 12; [1, 108.38], [2, 87.78], [6, 105.08000000000001], [7, 114.5], [8, 123.28], [9, 82.21000000000001], [10, 127.89000000000001], [11, 127.86], [12, 96.55], [14, 120.19], [15, 128.65], [16, 89.59]
1, 5, 4, 10, 9, 9, 7, 8, 9, 9, 7, 6, 2, 4, 9, 10, 9, 9, 6, 9, 3, 7, 5, 8, 9, 1, 5, 8, 10, 2; -1; 2005527; 10; [1, 107.59], [2, 46.23], [3, 39.52], [4, 75.53], [5, 113.17], [6, 90.41], [7, 76.18], [8, 106.98000000000002], [9, 553.3299999999999], [10, 103.02]
4, 1, 4, 1, 1, 8, 4, 5, 12, 4, 9, 8, 2, 15, 2, 10, 16, 5, 13, 7, 13, 2, 8, 10, 13, 9, 7, 9, 12, 4; 0.8410000000000002; 817989; 12; [1, 113.46], [2, 111.16999999999999], [4, 121.27000000000001], [5, 124.33000000000001], [7, 129.67000000000002], [8, 115.21000000000001], [9, 98.39], [10, 128.86], [12, 82.35000000000001], [13, 124.71000000000001], [15, 74.76], [16, 87.78]
6, 6, 5, 6, 5, 9, 16, 18, 11, 4, 8, 2, 8, 3, 11, 16, 2, 4, 12, 8, 12, 18, 12, 1, 9, 3, 1, 6, 8, 5; 0.8410000000000002; 1253015; 12; [1, 122.24000000000001], [2, 105.28], [3, 126.91], [4, 121.32], [5, 98.19], [6, 89.56], [8, 117.5], [9, 101.87], [11, 107.38], [12, 120.55000000000001], [16, 103.67], [18, 97.49000000000001]
12, 1, 12, 24, 4, 23, 12, 21, 2, 1, 12, 12, 6, 8, 24, 24, 3, 5, 6, 5, 8, 9, 8, 2, 12, 1, 9, 4, 6, 6; 0.8410000000000002; 1828692; 12; [1, 123.03], [2, 111.29], [3, 87.78], [4, 111.14], [5, 105.30000000000001], [6, 122.51], [8, 122.4], [9, 128.65], [12, 123.45], [21, 58.77], [23, 89.59], [24, 128.05]
8, 9, 7, 1, 1, 16, 16, 10, 5, 6, 16, 2, 2, 14, 7, 4, 3, 9, 8, 5, 9, 3, 1, 10, 4, 2, 7, 6, 3, 2; 0.8410000000000002; 798018; 12; [1, 106.46], [2, 115.88], [3, 129.87], [4, 108.83], [5, 118.72], [6, 71.66], [7, 119.10000000000001], [8, 128.35], [9, 120.20000000000002], [10, 91.08000000000001], [14, 74.76], [16, 127.05000000000001]
9, 12, 7, 2, 2, 13, 11, 10, 7, 3, 6, 9, 7, 12, 13, 11, 8, 10, 5, 5, 12, 9, 3, 8, 2, 3, 6, 5, 10, 7; 0.9174545454545456; 585774; 11; [2, 110.61999999999999], [3, 116.03], [5, 128.55], [6, 120.27000000000001], [7, 125.98], [8, 120.09], [9, 111.66], [10, 127.70000000000002], [11, 103.67], [12, 129.4], [13, 117.99000000000001]
7, 3, 3, 6, 7, 8, 6, 2, 7, 7, 6, 1, 7, 6, 8, 3, 7, 7, 9, 1, 5, 2, 7, 7, 2, 7, 10, 2, 8, 4; -1; 2001028; 10; [1, 57.24], [2, 125.67000000000002], [3, 112.44], [4, 2.18], [5, 39.52], [6, 115.32000000000001], [7, 575.39], [8, 121.36000000000001], [9, 72.91], [10, 89.93]
15, 1, 10, 15, 12, 4, 8, 15, 3, 11, 7, 4, 3, 2, 19, 10, 19, 5, 1, 8, 1, 8, 10, 2, 8, 5, 7, 10, 2, 5; 0.8410000000000002; 1100318; 12; [1, 127.55000000000001], [2, 110.44000000000001], [3, 123.03], [4, 107.09], [5, 119.89000000000001], [7, 120.27000000000001], [8, 97.86], [10, 121.34], [11, 55.76], [12, 95.24], [15, 117.31], [19, 116.18]
17, 8, 8, 2, 14, 5, 8, 6, 2, 1, 5, 8, 13, 13, 14, 20, 15, 6, 17, 8, 2, 18, 20, 8, 15, 1, 18, 1, 6, 8; 0.9174545454545456; 1449956; 11; [1, 123.81], [2, 121.6], [5, 119.93], [6, 127.70000000000002], [8, 114.74000000000001], [13, 118.81], [14, 123.63999999999999], [15, 100.06], [17, 128.35], [18, 128.65], [20, 104.67]
7, 2, 11, 13, 2, 13, 12, 1, 3, 7, 4, 4, 5, 6, 9, 11, 9, 5, 8, 4, 8, 1, 8, 3, 3, 6, 12, 11, 5, 8; 0.8410000000000002; 452789; 12; [1, 97.49000000000001], [2, 110.36], [3, 123.57000000000001], [4, 87.58000000000001], [5, 112.98], [6, 126.91], [7, 111.19999999999999], [8, 122.73000000000002], [9, 116.18], [11, 113.22], [12, 97.05000000000001], [13, 92.69]
4, 3, 7, 1, 5, 3, 1, 9, 5, 1, 8, 3, 5, 5, 7, 10, 5, 5, 2, 5, 6, 1, 10, 2, 5, 5, 8, 5, 2, 3; -1; 2004244; 10; [1, 104.7], [2, 108.59], [3, 124.39000000000001], [4, 55.44], [5, 566.4399999999999], [6, 39.52], [7, 29.169999999999998], [8, 120.27000000000001], [9, 58.77], [10, 104.67]
10, 10, 16, 23, 23, 3, 4, 6, 20, 16, 5, 7, 4, 1, 7, 5, 9, 16, 7, 10, 2, 1, 10, 20, 4, 6, 2, 4, 23, 9; 0.8410000000000002; 1775088; 12; [1, 113.48], [2, 129.45000000000002], [3, 89.59], [4, 79.35], [5, 126.89], [6, 110.92], [7, 118.81], [9, 89.96000000000001], [10, 118.42000000000002], [16, 122.09], [20, 111.29], [23, 101.71]
3, 7, 15, 1, 13, 15, 17, 12, 17, 3, 16, 14, 1, 16, 1, 2, 14, 5, 9, 5, 15, 9, 12, 17, 16, 1, 7, 7, 7, 3; 0.8410000000000002; 883707; 12; [1, 127.69999999999999], [2, 96.55], [3, 113.38], [5, 105.30000000000001], [7, 124.32000000000002], [9, 111.63], [12, 66.89], [13, 95.24], [14, 105.28], [15, 129.88], [16, 117.38000000000001], [17, 118.41000000000001]
2, 4, 5, 10, 6, 5, 5, 4, 9, 4, 8, 5, 3, 10, 11, 11, 7, 8, 3, 9, 10, 14, 5, 7, 3, 2, 14, 6, 9, 5; 0.9174545454545459; 720398; 11; [2, 107.59], [3, 129.23999999999998], [4, 129.65], [5, 125.28000000000002], [6, 111.14], [7, 120.09], [8, 95.9], [9, 122.09], [10, 117.38], [11, 124.94999999999999], [14, 128.65]
3, 3, 16, 14, 16, 4, 5, 17, 12, 1, 10, 17, 7, 14, 9, 2, 10, 5, 7, 1, 4, 5, 7, 17, 2, 3, 9, 17, 17, 2; 0.8410000000000002; 1278010; 12; [1, 95.5], [2, 111.01], [3, 122.71000000000001], [4, 129.11], [5, 111.4], [7, 125.08], [9, 118.33000000000001], [10, 118.12], [12, 78.98], [14, 77.86], [16, 96.00999999999999], [17, 127.85000000000002]
10, 6, 12, 1, 22, 12, 2, 8, 2, 8, 15, 10, 9, 6, 17, 1, 11, 4, 15, 4, 6, 12, 15, 10, 9, 9, 17, 11, 10, 2; 0.8410000000000002; 1385136; 12; [1, 99.64999999999999], [2, 88.28000000000002], [4, 105.30000000000001], [6, 129.4], [8, 114.53], [9, 108.47999999999999], [10, 108.62], [11, 103.68], [12, 129.07999999999998], [15, 111.37], [17, 118.33000000000001], [22, 95.24]
1, 3, 2, 6, 4, 12, 10, 2, 10, 9, 7, 3, 8, 13, 5, 6, 5, 2, 7, 9, 8, 10, 12, 4, 9, 1, 3, 1, 3, 1; 0.8410000000000002; 610904; 12; [1, 125.67000000000002], [2, 125.10000000000001], [3, 125.92000000000002], [4, 127.55], [5, 116.18], [6, 99.64999999999999], [7, 103.25], [8, 83.57], [9, 107.78], [10, 124.82000000000001], [12, 97.71000000000001], [13, 74.76]
1, 3, 7, 10, 8, 4, 8, 14, 12, 9, 9, 1, 2, 7, 4, 5, 11, 3, 2, 1, 12, 9, 3, 11, 2, 14, 10, 5, 8, 1; 0.8410000000000002; 751747; 12; [1, 114.86000000000001], [2, 129.23999999999998], [3, 88.80000000000001], [4, 117.99000000000001], [5, 112.45], [7, 75.53], [8, 105.73], [9, 124.82], [10, 93.03], [11, 120.09], [12, 118.5], [14, 110.92]
8, 16, 1, 10, 18, 22, 9, 8, 4, 19, 10, 9, 10, 6, 6, 9, 3, 19, 5, 1, 5, 10, 10, 1, 22, 1, 16, 5, 10, 6; 0.8410000000000001; 1522195; 12; [1, 124.97], [3, 87.78], [4, 78.98], [5, 128.33], [6, 105.34], [8, 114.21000000000001], [9, 121.17], [10, 127.7], [16, 105.05000000000001], [18, 95.24], [19, 121.32], [22, 101.87]
2, 11, 6, 19, 8, 12, 7, 2, 6, 7, 5, 19, 6, 18, 11, 14, 19, 7, 11, 5, 12, 5, 2, 14, 1, 18, 1, 5, 1, 8; 0.9174545454545455; 1140050; 11; [1, 105.58000000000001], [2, 122.33000000000001], [5, 124.7], [6, 123.8], [7, 128.44], [8, 97.42], [11, 116.42999999999999], [12, 129.11], [14, 128.86], [18, 126.91], [19, 108.38]
10, 12, 2, 15, 7, 12, 11, 2, 15, 11, 11, 3, 15, 17, 7, 3, 16, 1, 10, 4, 16, 2, 1, 11, 1, 9, 4, 12, 7, 3; 0.8410000000000001; 1148997; 12; [1, 85.96000000000001], [2, 98.26], [3, 116.23], [4, 129.67000000000002], [7, 127.00999999999999], [9, 52.15], [10, 128.35], [11, 125.53], [12, 120.61000000000001], [15, 126.13], [16, 127.30000000000001], [17, 74.76]
1, 1, 7, 12, 3, 5, 5, 6, 7, 12, 10, 8, 8, 4, 9, 2, 13, 9, 10, 8, 1, 11, 9, 3, 2, 12, 11, 12, 13, 3; 0.7763076923076926; 840678; 13; [1, 110.08000000000001], [2, 108.83], [3, 129.73], [4, 74.76], [5, 96.71000000000001], [6, 58.77], [7, 79.75], [8, 101.28999999999999], [9, 102.08000000000001], [10, 103.25], [11, 128.65], [12, 126.91], [13, 91.15]
10, 6, 10, 5, 4, 4, 8, 2, 4, 4, 8, 2, 4, 5, 6, 4, 4, 6, 4, 4, 7, 8, 8, 4, 4, 1, 7, 8, 4, 4; -1; 2001601; 8; [1, 52.15], [2, 76.27000000000001], [4, 710.74], [5, 77.86], [6, 109.08], [7, 129.45000000000002], [8, 100.20000000000002], [10, 56.21]
1, 9, 4, 7, 2, 17, 11, 9, 4, 8, 6, 8, 5, 14, 10, 11, 6, 7, 5, 1, 14, 4, 11, 7, 14, 8, 10, 9, 11, 9; 0.8410000000000002; 884643; 12; [1, 95.18], [2, 95.24], [4, 118.47], [5, 116.96], [6, 118.12], [7, 100.97], [8, 125.41], [9, 91.97000000000001], [10, 118.33000000000001], [11, 115.16000000000001], [14, 126.56], [17, 89.59]
8, 9, 5, 7, 3, 5, 3, 9, 1, 9, 1, 12, 4, 7, 6, 6, 13, 12, 8, 7, 12, 10, 5, 13, 5, 4, 10, 3, 13, 7; 0.9174545454545456; 918235; 11; [1, 109.32000000000001], [3, 118.26], [4, 96.19999999999999], [5, 110.76], [6, 124.94999999999999], [7, 119.78], [8, 128.35], [9, 129.65], [10, 128.65], [12, 122.58000000000001], [13, 123.46000000000001]
2, 1, 6, 10, 4, 5, 8, 7, 6, 10, 1, 2, 7, 8, 4, 3, 5, 5, 5, 5, 5, 5, 2, 8, 5, 9, 5, 2, 8, 3; -1; 2000161; 10; [1, 45.46], [2, 96.96000000000001], [3, 98.73], [4, 123.63999999999999], [5, 536.03], [6, 79.75], [7, 102.82], [8, 117.56000000000002], [9, 52.15], [10, 58.86]
4, 3, 3, 4, 22, 1, 22, 5, 8, 11, 8, 5, 2, 9, 7, 3, 12, 7, 11, 2, 2, 1, 7, 10, 7, 5, 10, 12, 8, 7; 0.8410000000000002; 1466118; 12; [1, 128.31], [2, 123.31], [3, 112.44], [4, 58.54], [5, 128.42000000000002], [7, 116.54000000000002], [8, 112.69000000000001], [9, 74.76], [10, 122.24000000000001], [11, 128.67], [12, 103.68], [22, 102.36]
8, 6, 10, 11, 4, 6, 9, 7, 2, 1, 11, 8, 1, 14, 12, 11, 10, 5, 12, 8, 14, 2, 1, 9, 10, 5, 9, 8, 4, 4; 0.8410000000000003; 588738; 12; [1, 107.93], [2, 117.7], [4, 100.79], [5, 117.71000000000001], [6, 104.71000000000001], [7, 58.77], [8, 128.58], [9, 129.36], [10, 100.83], [11, 129.99], [12, 101.31], [14, 114.28]
9, 8, 3, 9, 6, 3, 12, 8, 5, 14, 10, 17, 9, 1, 10, 17, 7, 19, 12, 5, 19, 8, 18, 10, 6, 14, 18, 12, 9, 5; 0.7763076923076925; 1054078; 13; [1, 74.76], [3, 90.36], [5, 120.9], [6, 107.52], [7, 87.78], [8, 112.61], [9, 105.96000000000001], [10, 91.05], [12, 95.93], [14, 107.91], [17, 114.05], [18, 98.05000000000001], [19, 105.08000000000001]
5, 7, 9, 5, 13, 3, 3, 8, 10, 1, 5, 4, 10, 9, 6, 7, 11, 4, 12, 5, 9, 8, 3, 12, 1, 1, 6, 4, 4, 10; 0.8410000000000002; 463318; 12; [1, 120.19], [3, 104.83000000000001], [4, 102.33000000000001], [5, 128.62], [6, 118.33000000000001], [7, 111.67], [8, 97.49000000000001], [9, 115.05000000000001], [10, 125.21000000000001], [11, 87.78], [12, 105.22], [13, 95.24]
8, 14, 11, 11, 9, 13, 2, 1, 2, 7, 13, 8, 1, 14, 11, 5, 11, 7, 4, 6, 6, 2, 11, 9, 12, 4, 12, 14, 4, 6; 0.8410000000000002; 686888; 12; [1, 102.82], [2, 124.82000000000001], [4, 128.43], [5, 96.55], [6, 81.44000000000001], [7, 121.32], [8, 72.94], [9, 127.55], [11, 128.17], [12, 102.21000000000001], [13, 119.93], [14, 105.78000000000002]
6, 10, 1, 2, 14, 12, 6, 2, 3, 5, 9, 7, 8, 9, 2, 4, 1, 6, 10, 1, 2, 10, 9, 5, 4, 8, 7, 7, 9, 4; 0.8410000000000002; 572457; 12; [1, 128.29], [2, 129.79000000000002], [3, 78.98], [4, 111.01], [5, 88.07], [6, 128.12], [7, 123.33000000000001], [8, 96.19999999999999], [9, 116.59000000000002], [10, 126.75], [12, 89.59], [14, 95.24]
3, 3, 6, 4, 6, 11, 4, 8, 7, 8, 10, 4, 5, 5, 12, 2, 12, 9, 10, 9, 11, 7, 6, 14, 4, 4, 14, 2, 9, 5; 0.8410000000000002; 512437; 12; [2, 112.45], [3, 70.56], [4, 92.15], [5, 120.99000000000001], [6, 104.13], [7, 117.7], [8, 114.53], [9, 108.67000000000002], [10, 103.25], [11, 129.11], [12, 116.18], [14, 122.24000000000001]
13, 13, 4, 13, 10, 8, 6, 5, 1, 2, 6, 12, 13, 7, 1, 12, 6, 4, 3, 5, 3, 16, 13, 8, 3, 7, 16, 1, 1, 4; 0.8410000000000002; 866513; 12; [1, 126.65], [2, 55.76], [3, 124.71000000000001], [4, 68.51], [5, 98.51], [6, 125.24000000000001], [7, 126.91], [8, 121.9], [10, 95.24], [12, 114.05], [13, 125.83], [16, 128.65]
1, 3, 4, 3, 14, 5, 2, 3, 10, 13, 3, 15, 6, 6, 9, 2, 15, 13, 9, 7, 7, 7, 7, 10, 3, 1, 4, 14, 7, 3; 0.8410000000000002; 620289; 12; [1, 107.59], [2, 103.67], [3, 121.79000000000002], [4, 90.7], [5, 89.59], [6, 118.81], [7, 129.47], [9, 101.31], [10, 111.29], [13, 121.32], [14, 111.14], [15, 105.28]
13, 16, 10, 3, 2, 3, 11, 8, 4, 16, 8, 6, 7, 11, 9, 9, 10, 7, 14, 4, 8, 14, 2, 10, 2, 16, 6, 13, 9, 6; 0.8410000000000002; 922537; 12; [2, 115.64], [3, 92.69], [4, 118.72], [6, 109.61000000000001], [7, 109.61], [8, 128.63], [9, 128.32], [10, 120.86], [11, 81.88000000000001], [13, 71.34], [14, 111.63], [16, 123.03]
11, 7, 9, 7, 5, 10, 3, 7, 9, 8, 9, 7, 1, 3, 4, 12, 2, 1, 11, 8, 2, 6, 6, 7, 1, 6, 4, 12, 5, 2; 0.8410000000000002; 406537; 12; [1, 121.89], [2, 129.48000000000002], [3, 81.88000000000001], [4, 118.33000000000001], [5, 98.61], [6, 98.99], [7, 126.80000000000001], [8, 95.5], [9, 110.09], [10, 89.59], [11, 128.35], [12, 112.45]
1, 18, 7, 9, 12, 18, 8, 9, 8, 2, 1, 12, 6, 19, 2, 7, 16, 3, 6, 16, 1, 11, 9, 9, 9, 3, 11, 18, 8, 7; 0.8410000000000002; 1086983; 12; [1, 125.30000000000001], [2, 84.16], [3, 117.71000000000001], [6, 116.96], [7, 99.5], [8, 89.47000000000001], [9, 114.58000000000001], [11, 128.65], [12, 112.74], [16, 127.52000000000001], [18, 120.61000000000001], [19, 74.76]
3, 2, 13, 15, 6, 11, 13, 15, 8, 7, 4, 7, 1, 2, 10, 13, 5, 15, 4, 2, 5, 8, 4, 7, 1, 3, 10, 13, 4, 3; 0.8410000000000002; 815925; 12; [1, 56.33], [2, 129.62], [3, 109.77000000000001], [4, 114.74000000000001], [5, 127.30000000000001], [6, 95.24], [7, 105.57], [8, 117.7], [10, 118.33000000000001], [11, 89.59], [13, 120.34], [15, 127.43]
1, 6, 24, 6, 27, 24, 1, 5, 9, 3, 25, 7, 2, 2, 27, 25, 12, 4, 7, 3, 1, 13, 24, 4, 9, 6, 13, 5, 1, 4; 0.7763076923076925; 1871463; 13; [1, 105.45], [2, 118.81], [3, 95.5], [4, 100.05000000000001], [5, 74.67], [6, 70.37], [7, 90.41], [9, 91.26], [12, 87.78], [13, 128.65], [24, 98.48], [25, 126.89], [27, 123.63999999999999]
9, 9, 17, 22, 14, 10, 1, 9, 17, 3, 1, 17, 22, 1, 14, 6, 15, 22, 8, 5, 5, 10, 8, 8, 2, 3, 2, 3, 15, 2; 0.8410000000000002; 1488659; 12; [1, 112.22], [2, 104.39000000000001], [3, 123.81], [5, 79.26], [6, 96.55], [8, 113.34], [9, 129.33], [10, 128.31], [14, 123.63999999999999], [15, 91.15], [17, 97.25], [22, 112.71000000000001]
21, 2, 9, 21, 2, 4, 10, 16, 9, 21, 10, 16, 6, 6, 3, 8, 11, 7, 3, 10, 9, 11, 10, 7, 7, 16, 5, 3, 11, 3; 0.8410000000000002; 1446551; 12; [2, 110.36], [3, 119.39000000000001], [4, 89.59], [5, 89.93], [6, 118.81], [7, 110.15], [8, 96.55], [9, 119.27000000000001], [10, 85.32000000000001], [11, 129.87], [16, 128.42000000000002], [21, 114.3]
2, 16, 1, 16, 21, 16, 2, 2, 6, 11, 21, 19, 6, 4, 10, 23, 19, 3, 10, 3, 1, 15, 1, 4, 1, 1, 15, 3, 3, 2; 0.8410000000000002; 1503847; 12; [1, 112.84], [2, 123.51], [3, 124.57000000000002], [4, 107.07000000000001], [6, 123.03], [10, 101.31], [11, 55.76], [15, 128.65], [16, 107.81], [19, 105.28], [21, 125.58], [23, 96.55]
5, 7, 11, 8, 11, 1, 4, 5, 9, 6, 3, 2, 8, 13, 10, 4, 3, 7, 8, 13, 6, 9, 11, 6, 13, 2, 10, 11, 1, 5; 0.8410000000000003; 535401; 12; [1, 92.96000000000001], [2, 69.65], [3, 118.12], [4, 103.67], [5, 116.39000000000001], [6, 127.59], [7, 80.68], [8, 120.06], [9, 117.7], [10, 118.33000000000001], [11, 120.03], [13, 126.78]
7, 2, 7, 17, 9, 5, 8, 4, 17, 1, 9, 4, 7, 2, 11, 8, 10, 15, 11, 3, 17, 1, 5, 1, 4, 15, 3, 10, 7, 1; 0.8410000000000002; 868865; 12; [1, 128.97], [2, 89.88000000000001], [3, 129.67000000000002], [4, 88.55000000000001], [5, 97.71000000000001], [7, 103.63], [8, 103.67], [9, 125.58], [10, 103.68], [11, 101.31], [15, 117.71000000000001], [17, 121.6]
10, 6, 7, 7, 8, 11, 4, 10, 7, 6, 13, 4, 2, 14, 7, 4, 13, 3, 15, 2, 9, 11, 14, 15, 7, 3, 9, 8, 4, 7; 0.8410000000000002; 655853; 12; [2, 83.78999999999999], [3, 117.71000000000001], [4, 124.54], [6, 70.88], [7, 125.71000000000001], [8, 111.14], [9, 129.45000000000002], [10, 114.21000000000001], [11, 128.31], [13, 118.12], [14, 82.88000000000001], [15, 105.22]
8, 3, 5, 5, 7, 9, 8, 5, 4, 5, 16, 7, 10, 15, 2, 17, 2, 1, 10, 4, 8, 3, 1, 17, 2, 15, 16, 3, 1, 9; 0.8410000000000002; 918418; 12; [1, 77.05000000000001], [2, 128.46], [3, 69.74], [4, 118.72], [5, 118.4], [7, 112.74], [8, 102.08], [9, 91.77000000000001], [10, 116.96], [15, 126.91], [16, 120.27000000000001], [17, 128.86]
2, 10, 14, 8, 14, 5, 13, 7, 8, 13, 10, 4, 10, 6, 14, 15, 11, 7, 4, 2, 4, 13, 8, 11, 13, 6, 1, 10, 1, 6; 0.8410000000000002; 701645; 12; [1, 93.30000000000001], [2, 95.18], [4, 129.93], [5, 89.59], [6, 129.09], [7, 124.33000000000001], [8, 90.2], [10, 105.41], [11, 120.09], [13, 113.88], [14, 124.41], [15, 96.55]
12, 5, 7, 3, 10, 9, 3, 8, 3, 1, 3, 1, 12, 14, 13, 7, 13, 8, 2, 14, 6, 9, 6, 1, 6, 6, 5, 5, 2, 10; 0.8410000000000002; 563055; 12; [1, 105.57], [2, 76.28], [3, 119.54], [5, 120.95000000000002], [6, 112.07], [7, 97.32], [8, 124.33000000000001], [9, 128.31], [10, 97.42], [12, 99.49], [13, 116.18], [14, 114.5]
3, 5, 1, 1, 6, 6, 1, 6, 2, 8, 9, 1, 9, 4, 1, 6, 7, 5, 6, 5, 4, 6, 4, 1, 8, 6, 6, 6, 3, 1; -1; 2000105; 9; [1, 91.38000000000001], [2, 78.98], [3, 58.809999999999995], [4, 122.4], [5, 120.42000000000002], [6, 609.7599999999999], [7, 87.78], [8, 68.03999999999999], [9, 74.39]
14, 7, 8, 22, 4, 10, 24, 14, 22, 2, 22, 2, 9, 9, 7, 8, 3, 24, 13, 3, 10, 6, 14, 2, 24, 13, 6, 2, 9, 9; 0.8410000000000002; 1694574; 12; [2, 121.47], [3, 127.52000000000001], [4, 95.24], [6, 128.65], [7, 43.519999999999996], [8, 97.32], [9, 124.36000000000001], [10, 129.11], [13, 125.06], [14, 122.33000000000001], [22, 112.42], [24, 84.96000000000001]
10, 4, 7, 7, 11, 1, 1, 8, 14, 9, 4, 9, 6, 13, 1, 12, 7, 10, 6, 9, 14, 13, 5, 12, 11, 4, 5, 13, 5, 9; 0.8410000000000002; 657602; 12; [1, 125.11000000000001], [4, 97.61], [5, 101.42000000000002], [6, 116.96], [7, 91.65], [8, 58.77], [9, 115.18], [10, 121], [11, 107.52], [12, 128.86], [13, 129.38], [14, 118.5]
10, 14, 13, 7, 13, 1, 11, 4, 7, 3, 1, 14, 10, 9, 12, 11, 14, 4, 12, 8, 8, 3, 3, 13, 7, 9, 2, 10, 2, 9; 0.8410000000000002; 554978; 12; [1, 119.93], [2, 93.30000000000001], [3, 102.6], [4, 124.33000000000001], [7, 94.36], [8, 79.26], [9, 129.09], [10, 115.39], [11, 103.67], [12, 101.31], [13, 128.32], [14, 120.4]
6, 3, 13, 1, 3, 9, 9, 13, 4, 2, 1, 3, 13, 12, 4, 5, 11, 6, 1, 7, 2, 8, 11, 12, 1, 7, 8, 5, 4, 7; 0.8410000000000003; 527033; 12; [1, 118.63], [2, 95.28], [3, 127.86], [4, 110.75], [5, 112.45], [6, 121], [7, 94.07000000000001], [8, 128.65], [9, 96.71000000000001], [11, 95.9], [12, 107.07000000000001], [13, 103.59]
13, 4, 5, 5, 14, 10, 9, 5, 9, 6, 14, 10, 15, 4, 4, 18, 11, 17, 2, 5, 15, 17, 2, 11, 15, 13, 1, 9, 1, 6; 0.7763076923076925; 1114965; 13; [1, 93.30000000000001], [2, 81.03], [4, 118.28], [5, 102.38], [6, 57.94], [9, 102.00000000000001], [10, 107.09], [11, 120.09], [13, 107.59], [14, 125.58], [15, 95.85], [17, 104.28], [18, 96.55]
5, 13, 6, 6, 17, 8, 4, 4, 1, 16, 17, 4, 6, 10, 12, 13, 12, 11, 16, 8, 6, 10, 4, 1, 1, 5, 3, 10, 1, 4; 0.8410000000000002; 920931; 12; [1, 126.94000000000001], [3, 89.93], [4, 93.69000000000001], [5, 107.59], [6, 87.44], [8, 129.33], [10, 129.38], [11, 65.56], [12, 116.18], [13, 111.67], [16, 128.67], [17, 125.58]
4, 4, 10, 11, 10, 3, 13, 7, 6, 2, 2, 8, 1, 1, 18, 8, 13, 9, 11, 3, 6, 4, 8, 11, 2, 7, 18, 4, 13, 8; 0.8410000000000002; 964401; 12; [1, 118.81], [2, 98.38], [3, 129.33], [4, 125.18], [6, 118.5], [7, 110.92], [8, 124.35000000000001], [9, 65.56], [10, 96.00999999999999], [11, 108.32], [13, 98.27000000000001], [18, 118.33000000000001]
12, 14, 8, 1, 9, 4, 1, 10, 8, 12, 3, 8, 1, 5, 9, 6, 3, 7, 2, 4, 10, 7, 1, 2, 7, 5, 14, 1, 3, 6; 0.8410000000000002; 507226; 12; [1, 78.28999999999999], [2, 105.22], [3, 121.49000000000001], [4, 129.33], [5, 126.91], [6, 98.73], [7, 116.56], [8, 97.25], [9, 123.63999999999999], [10, 98.29], [12, 111.19999999999999], [14, 105.05000000000001]
7, 1, 9, 16, 1, 3, 6, 8, 2, 10, 7, 16, 10, 6, 10, 13, 14, 15, 9, 8, 2, 9, 14, 7, 16, 15, 16, 3, 13, 7; 0.8410000000000003; 824942; 12; [1, 110.36], [2, 118.5], [3, 105.49000000000001], [6, 81.88000000000001], [7, 120.27000000000001], [8, 98.51], [9, 112.39999999999999], [10, 128.21], [13, 99.92], [14, 95.9], [15, 117.71000000000001], [16, 122.81]
8, 1, 4, 5, 1, 11, 1, 3, 2, 13, 3, 11, 8, 10, 4, 15, 5, 4, 6, 2, 3, 10, 1, 7, 11, 13, 7, 5, 6, 10; 0.8410000000000002; 627514; 12; [1, 125.60000000000001], [2, 118.72], [3, 128.63], [4, 94.73], [5, 106.78], [6, 76.28], [7, 122.24000000000001], [8, 99.49], [10, 115.66000000000001], [11, 119.37], [13, 107.91], [15, 96.55]
9, 6, 4, 8, 12, 11, 7, 10, 4, 5, 17, 2, 8, 7, 8, 17, 16, 14, 5, 14, 2, 7, 4, 10, 16, 2, 6, 9, 9, 8; 0.7763076923076925; 816523; 13; [2, 109.17], [4, 87.87], [5, 128.67], [6, 105.05000000000001], [7, 120.60000000000001], [8, 77.73], [9, 74.71000000000001], [10, 91.08000000000001], [11, 89.59], [12, 95.24], [14, 105.30000000000001], [16, 100.06], [17, 126.89]
5, 7, 8, 6, 1, 10, 8, 7, 8, 3, 8, 2, 6, 11, 9, 12, 4, 5, 3, 2, 7, 6, 12, 10, 4, 2, 9, 6, 6, 2; 0.8410000000000002; 313441; 12; [1, 95.24], [2, 111.57000000000001], [3, 128.67], [4, 100.06], [5, 121], [6, 105.14000000000001], [7, 113.41], [8, 117.21000000000001], [9, 118.33000000000001], [10, 121.9], [11, 74.76], [12, 104.67]
7, 4, 2, 5, 11, 5, 9, 1, 12, 8, 6, 12, 7, 6, 2, 2, 14, 1, 10, 4, 4, 10, 5, 9, 11, 8, 9, 5, 12, 6; 0.8410000000000002; 579888; 12; [1, 124.33000000000001], [2, 125.72], [4, 94.38], [5, 116.71000000000001], [6, 107.28000000000002], [7, 99.49], [8, 107.91], [9, 129.36], [10, 111.63], [11, 107.52], [12, 99.85000000000001], [14, 87.78]
6, 8, 4, 4, 5, 6, 3, 6, 10, 3, 6, 1, 6, 6, 2, 6, 6, 6, 4, 1, 7, 6, 3, 10, 3, 8, 9, 10, 7, 10; -1; 2000548; 10; [1, 57.24], [2, 28.4], [3, 83.28], [4, 76.78], [5, 95.24], [6, 641.56], [7, 42.89], [8, 67.27], [9, 89.93], [10, 129.37]
1, 1, 8, 1, 4, 1, 6, 9, 8, 1, 6, 9, 10, 1, 2, 1, 1, 1, 3, 2, 6, 8, 1, 3, 3, 7, 1, 5, 3, 3; -1; 2001568; 10; [1, 641.71], [2, 68.14], [3, 123.05000000000001], [4, 95.24], [5, 15.9], [6, 76.98], [7, 52.15], [8, 118.47], [9, 76.27000000000001], [10, 44.05]
5, 9, 1, 5, 1, 16, 9, 15, 7, 4, 1, 7, 5, 10, 15, 8, 3, 21, 4, 9, 3, 17, 8, 21, 5, 9, 17, 21, 7, 3; 0.8410000000000002; 1474672; 12; [1, 126.35], [3, 129.48000000000002], [4, 128.67], [5, 114.87], [7, 99.85000000000001], [8, 104.67], [9, 114.13], [10, 74.76], [15, 87.17], [16, 89.59], [17, 128.65], [21, 113.77000000000001]
7, 2, 6, 1, 6, 6, 4, 8, 6, 9, 3, 7, 4, 6, 1, 6, 5, 6, 6, 4, 7, 3, 4, 10, 6, 1, 6, 9, 7, 7; -1; 2000097; 10; [1, 83.65], [2, 15.12], [3, 69.06], [4, 99.03], [5, 87.78], [6, 676.5699999999999], [7, 118.01000000000002], [8, 58.77], [9, 71.66], [10, 32.31]
5, 5, 10, 10, 5, 5, 7, 2, 5, 6, 2, 2, 5, 9, 5, 5, 5, 4, 5, 8, 6, 1, 3, 3, 5, 10, 5, 4, 2, 8; -1; 2006631; 10; [1, 38.72], [2, 109.98], [3, 40.43], [4, 81.46000000000001], [5, 766.27], [6, 95.28], [7, 7.12], [8, 41.92], [9, 74.76], [10, 56.019999999999996]
9, 2, 1, 7, 18, 8, 2, 21, 16, 12, 18, 9, 9, 4, 2, 7, 1, 6, 12, 1, 6, 16, 6, 4, 4, 2, 23, 23, 6, 7; 0.8410000000000001; 1588402; 12; [1, 128.29], [2, 102.78999999999999], [4, 119.35000000000001], [6, 116.57000000000002], [7, 101.83], [8, 89.59], [9, 116.99], [12, 128.67], [16, 117.7], [18, 125.58], [21, 58.77], [23, 105.83000000000001]
3, 10, 12, 7, 4, 10, 3, 6, 8, 12, 12, 10, 8, 2, 4, 16, 7, 1, 9, 3, 1, 7, 2, 9, 15, 6, 15, 6, 9, 9; 0.8410000000000002; 727551; 12; [1, 105.08000000000001], [2, 82.88000000000001], [3, 102.3], [4, 123.63999999999999], [6, 126.82000000000001], [7, 129.6], [8, 123.03], [9, 110.77000000000001], [10, 122.21000000000001], [12, 86.87], [15, 102.21000000000001], [16, 96.55]
6, 10, 14, 11, 16, 3, 4, 5, 4, 12, 6, 5, 5, 7, 9, 9, 11, 10, 1, 10, 12, 6, 11, 12, 1, 7, 14, 11, 11, 1; 0.8410000000000003; 754721; 12; [1, 87.37], [3, 89.59], [4, 86.10000000000001], [5, 120.32000000000001], [6, 124.5], [7, 126.91], [9, 124.94999999999999], [10, 120.42000000000002], [11, 118.27000000000001], [12, 127.59], [14, 90.7], [16, 95.24]
2, 8, 7, 8, 2, 2, 5, 6, 9, 8, 3, 7, 2, 1, 5, 2, 2, 6, 2, 2, 9, 8, 10, 5, 2, 3, 4, 7, 2, 8; -1; 2000337; 10; [1, 74.76], [2, 596.9499999999999], [3, 82.49], [4, 89.93], [5, 67.83], [6, 124.33000000000001], [7, 34.17], [8, 114.88], [9, 118.5], [10, 8.12]
6, 15, 12, 5, 12, 13, 11, 5, 15, 1, 11, 14, 6, 2, 15, 14, 3, 11, 9, 13, 1, 10, 9, 9, 11, 5, 10, 3, 9, 1; 0.8410000000000002; 778729; 12; [1, 97.46000000000001], [2, 74.76], [3, 103.68], [5, 114.02000000000001], [6, 99.49], [9, 116.71000000000001], [10, 128.65], [11, 115.30000000000001], [12, 96.00999999999999], [13, 129.33], [14, 114.05], [15, 122.5]
2, 4, 2, 2, 12, 11, 5, 9, 7, 4, 1, 6, 5, 10, 3, 1, 6, 2, 5, 11, 3, 16, 9, 10, 7, 3, 16, 12, 4, 5; 0.8410000000000002; 843127; 12; [1, 126.89], [2, 124.87], [3, 120.07], [4, 74.25], [5, 126.25999999999999], [6, 105.28], [7, 91.26], [9, 66.89], [10, 107.07000000000001], [11, 129.33], [12, 111.14], [16, 128.65]
3, 12, 4, 1, 2, 12, 6, 7, 11, 8, 1, 9, 11, 4, 6, 9, 6, 7, 8, 1, 4, 10, 12, 1, 2, 3, 10, 9, 3, 7; 0.9174545454545456; 471485; 11; [1, 105.49000000000001], [2, 107.52], [3, 110.96000000000001], [4, 115.05000000000001], [6, 123.3], [7, 126.51000000000002], [8, 128.67], [9, 129.95], [10, 128.65], [11, 123.03], [12, 112.83000000000001]
5, 5, 4, 4, 11, 13, 8, 5, 3, 6, 8, 6, 4, 7, 11, 10, 9, 2, 1, 7, 9, 2, 4, 3, 1, 4, 8, 6, 6, 8; 0.8410000000000002; 420053; 12; [1, 85.19], [2, 104.28], [3, 111.29], [4, 108.19], [5, 129.33], [6, 92.53], [7, 114.5], [8, 129.57000000000002], [9, 127.30000000000001], [10, 96.55], [11, 123.63999999999999], [13, 89.59]
2, 9, 5, 7, 13, 3, 6, 11, 6, 11, 15, 9, 10, 9, 13, 15, 7, 1, 8, 2, 8, 6, 11, 5, 8, 1, 5, 7, 7, 2; 0.8410000000000003; 752530; 12; [1, 117.71000000000001], [2, 97.36000000000001], [3, 89.59], [5, 123.01000000000002], [6, 124.82000000000001], [7, 110.15], [8, 124.71000000000001], [9, 107.38], [10, 44.05], [11, 122.65], [13, 123.63999999999999], [15, 126.89]
9, 4, 10, 13, 14, 1, 3, 10, 5, 10, 6, 5, 4, 6, 1, 8, 12, 3, 9, 12, 2, 4, 10, 3, 5, 2, 13, 14, 1, 10; 0.8410000000000002; 538357; 12; [1, 121.36000000000001], [2, 91.67], [3, 104.99000000000001], [4, 97.88999999999999], [5, 108.76], [6, 105.10000000000001], [8, 96.55], [9, 128.35], [10, 125.60000000000002], [12, 127.52000000000001], [13, 93.03], [14, 111.14]
2, 7, 2, 10, 8, 4, 4, 8, 8, 8, 5, 7, 5, 3, 5, 6, 8, 8, 10, 1, 3, 1, 8, 8, 7, 2, 8, 2, 3, 10; -1; 2008275; 9; [1, 78.46000000000001], [2, 124.26], [3, 117.65], [4, 96.71000000000001], [5, 102.78999999999999], [6, 96.55], [7, 44.9], [8, 572.45], [10, 78.19]
14, 6, 4, 2, 6, 7, 11, 10, 13, 1, 4, 1, 10, 8, 8, 11, 4, 5, 14, 5, 2, 13, 4, 1, 1, 2, 3, 11, 11, 7; 0.8410000000000002; 521021; 12; [1, 117.85], [2, 94.77000000000001], [3, 89.93], [4, 127.01], [5, 105.30000000000001], [6, 110.36], [7, 91.77000000000001], [8, 103.16], [10, 102.82], [11, 122.94000000000001], [13, 117.7], [14, 128.35]
