
 initial solution: 2, 7, 1, 4, 3, 10, 6, 5, 5, 2, 10, 6, 5, 4, 6, 5, 9, 4, 6, 9, 9, 8, 3, 7, 5, 5, 5, 4, 10, 10 with fitness:-3
better solution found: 2, 7, 1, 4, 3, 10, 1, 6, 5, 2, 5, 6, 5, 4, 6, 5, 9, 5, 6, 9, 6, 8, 3, 7, 5, 5, 5, 4, 6, 10 with fitness:-2
better solution found: 2, 7, 1, 4, 3, 10, 1, 6, 5, 2, 5, 6, 5, 4, 1, 5, 9, 5, 1, 9, 6, 8, 3, 5, 7, 5, 5, 7, 6, 10 with fitness:-1
better solution found: 2, 7, 1, 4, 3, 10, 1, 6, 18, 2, 5, 6, 5, 4, 1, 12, 9, 7, 1, 14, 6, 8, 3, 15, 7, 5, 8, 7, 6, 10 with fitness:0.7208571428571429
better solution found: 2, 7, 1, 4, 3, 10, 1, 6, 15, 2, 5, 6, 5, 4, 1, 12, 14, 7, 1, 16, 14, 8, 3, 15, 7, 5, 8, 7, 6, 10 with fitness:0.7763076923076925
better solution found: 2, 7, 1, 6, 3, 10, 1, 6, 7, 2, 5, 6, 5, 4, 1, 15, 14, 18, 1, 18, 14, 8, 3, 15, 7, 5, 8, 7, 10, 10 with fitness:0.8410000000000002
final solution : 2, 7, 1, 6, 3, 10, 1, 6, 7, 2, 5, 6, 5, 4, 1, 15, 14, 18, 1, 18, 14, 8, 3, 15, 7, 5, 8, 7, 10, 10 with fitness:0.8410000000000002
Found After: 987551 iterations with 12 bins used
bins: [1, 109.19999999999999], [2, 111.19999999999999], [3, 103.36], [4, 74.76], [5, 126.53999999999999], [6, 79.37], [7, 122.28000000000002], [8, 128.65], [10, 95.14000000000001], [14, 127.30000000000001], [15, 128.86], [18, 105.30000000000001]

 initial solution: 5, 2, 4, 7, 4, 1, 9, 7, 4, 2, 8, 2, 8, 10, 10, 5, 7, 1, 5, 10, 6, 5, 9, 1, 3, 5, 3, 10, 5, 1 with fitness:-5
better solution found: 5, 2, 4, 7, 4, 1, 9, 5, 4, 2, 8, 2, 8, 10, 10, 5, 7, 1, 5, 10, 4, 3, 9, 1, 10, 5, 3, 10, 5, 1 with fitness:-4
better solution found: 5, 2, 7, 7, 10, 1, 9, 5, 4, 10, 8, 2, 8, 10, 4, 5, 7, 1, 5, 10, 8, 3, 9, 1, 10, 5, 3, 10, 5, 1 with fitness:-3
better solution found: 5, 2, 7, 7, 10, 1, 9, 5, 4, 2, 8, 2, 8, 10, 9, 5, 7, 6, 5, 10, 8, 3, 4, 1, 4, 5, 3, 10, 5, 1 with fitness:-2
better solution found: 5, 2, 7, 6, 5, 1, 9, 5, 4, 2, 8, 2, 8, 10, 9, 5, 7, 6, 5, 10, 8, 3, 4, 1, 4, 5, 3, 8, 7, 1 with fitness:-1
better solution found: 5, 2, 7, 6, 12, 1, 9, 5, 4, 2, 8, 2, 8, 10, 9, 13, 7, 6, 11, 10, 9, 3, 4, 1, 6, 9, 3, 8, 7, 1 with fitness:0.7763076923076923
better solution found: 5, 2, 12, 11, 12, 1, 9, 5, 4, 2, 12, 2, 8, 10, 9, 13, 7, 6, 11, 10, 9, 3, 4, 1, 10, 9, 3, 2, 7, 1 with fitness:0.7763076923076925
better solution found: 5, 2, 3, 9, 12, 1, 9, 5, 4, 2, 12, 2, 6, 10, 11, 13, 7, 6, 11, 10, 9, 3, 4, 7, 10, 9, 3, 2, 7, 1 with fitness:0.8410000000000001
better solution found: 5, 13, 3, 9, 12, 1, 9, 5, 4, 2, 12, 4, 6, 10, 11, 13, 7, 6, 11, 10, 9, 3, 4, 7, 10, 9, 3, 1, 7, 1 with fitness:0.8410000000000002
better solution found: 5, 13, 13, 9, 12, 1, 9, 5, 4, 2, 12, 4, 6, 10, 1, 13, 7, 6, 2, 10, 9, 3, 4, 7, 10, 9, 3, 13, 7, 1 with fitness:0.9174545454545455
better solution found: 5, 13, 2, 6, 12, 1, 9, 5, 4, 2, 12, 4, 6, 10, 1, 13, 7, 6, 2, 10, 9, 3, 4, 7, 10, 9, 3, 13, 1, 1 with fitness:0.9174545454545456
final solution : 5, 13, 2, 6, 12, 1, 9, 5, 4, 2, 12, 4, 6, 10, 1, 13, 7, 6, 2, 10, 9, 3, 4, 7, 10, 9, 3, 13, 1, 1 with fitness:0.9174545454545456
Found After: 565814 iterations with 11 bins used
bins: [1, 123.54000000000002], [2, 129.44], [3, 128.65], [4, 104.60000000000001], [5, 114.21000000000001], [6, 112.71000000000001], [7, 120.09], [9, 98.78999999999999], [10, 126.78], [12, 125.58], [13, 127.57000000000001]

 initial solution: 10, 7, 7, 8, 3, 7, 8, 6, 7, 7, 2, 8, 2, 1, 10, 3, 5, 3, 3, 2, 9, 2, 8, 5, 5, 8, 10, 3, 6, 9 with fitness:-5
better solution found: 10, 7, 3, 8, 3, 7, 8, 6, 5, 10, 2, 8, 2, 1, 10, 3, 5, 3, 3, 2, 9, 2, 2, 5, 5, 8, 10, 3, 6, 9 with fitness:-4
better solution found: 9, 7, 3, 8, 3, 7, 3, 7, 5, 10, 2, 8, 2, 1, 10, 3, 5, 3, 3, 2, 5, 10, 2, 5, 5, 8, 6, 3, 6, 9 with fitness:-3
better solution found: 9, 7, 3, 8, 3, 3, 3, 7, 5, 10, 2, 8, 2, 1, 10, 3, 5, 3, 3, 2, 5, 10, 8, 4, 5, 8, 6, 9, 6, 9 with fitness:-2
better solution found: 1, 7, 3, 8, 3, 3, 3, 3, 5, 10, 2, 8, 2, 7, 9, 3, 4, 3, 3, 2, 5, 10, 8, 4, 1, 8, 6, 9, 6, 9 with fitness:-1
better solution found: 1, 7, 3, 8, 14, 20, 6, 3, 5, 10, 2, 8, 2, 7, 9, 17, 4, 3, 21, 2, 5, 10, 8, 4, 1, 8, 6, 9, 6, 9 with fitness:0.7208571428571429
better solution found: 21, 7, 14, 8, 14, 13, 8, 3, 5, 10, 2, 8, 2, 7, 9, 17, 4, 3, 21, 2, 5, 10, 8, 4, 1, 8, 6, 7, 6, 9 with fitness:0.720857142857143
better solution found: 21, 7, 7, 8, 14, 13, 8, 3, 5, 10, 2, 8, 2, 7, 9, 17, 4, 3, 21, 2, 5, 10, 8, 4, 9, 8, 22, 7, 9, 9 with fitness:0.7763076923076923
better solution found: 21, 7, 7, 8, 16, 13, 8, 3, 5, 10, 2, 8, 2, 7, 9, 17, 4, 3, 9, 2, 5, 10, 16, 4, 9, 8, 6, 7, 9, 9 with fitness:0.7763076923076924
better solution found: 21, 7, 7, 8, 16, 13, 8, 3, 5, 10, 2, 7, 2, 7, 9, 17, 4, 3, 11, 2, 5, 10, 13, 4, 10, 8, 9, 7, 11, 9 with fitness:0.7763076923076925
better solution found: 8, 7, 7, 10, 6, 13, 8, 3, 5, 10, 2, 7, 2, 7, 9, 17, 4, 3, 11, 2, 11, 10, 13, 4, 8, 8, 9, 7, 4, 9 with fitness:0.8410000000000001
final solution : 8, 7, 7, 10, 6, 13, 8, 3, 5, 10, 2, 7, 2, 7, 9, 17, 4, 3, 11, 2, 11, 10, 13, 4, 8, 8, 9, 7, 4, 9 with fitness:0.8410000000000001
Found After: 1475792 iterations with 12 bins used
bins: [2, 114.13], [3, 124.33000000000001], [4, 123.46000000000001], [5, 78.98], [6, 95.24], [7, 124.05000000000001], [8, 126.98999999999998], [9, 120.51000000000002], [10, 97.58], [11, 112.43], [13, 97.71000000000001], [17, 96.55]
